-1.633569002151489258e-01
-6.170889362692832947e-03
1.310410946607589722e-01
3.697893023490905762e-02
-1.253904402256011963e-01
5.649149417877197266e-02
-3.341966494917869568e-02
3.850714489817619324e-02
-1.423157304525375366e-01
-4.657576680183410645e-01
2.886569127440452576e-02
-2.299522310495376587e-01
2.936892211437225342e-01
3.700380325317382812e-01
1.048635877668857574e-02
-5.955487489700317383e-02
4.026444163173437119e-03
-6.591518521308898926e-01
4.780859947204589844e-01
2.547276616096496582e-01
-5.349456332623958588e-03
4.835949242115020752e-01
-2.091892808675765991e-01
5.811004638671875000e-01
-1.351976953446865082e-02
4.328905045986175537e-01
-4.087789058685302734e-01
1.293189823627471924e-01
2.924762964248657227e-01
1.298707127571105957e-01
-7.008133083581924438e-02
-1.888570636510848999e-01
1.763853617012500763e-02
1.805469021201133728e-02
-6.066142767667770386e-02
1.454806327819824219e-01
-6.074406579136848450e-02
2.838498167693614960e-02
-4.474333301186561584e-02
-4.815970361232757568e-02
4.656609520316123962e-02
-6.008450388908386230e-01
-4.376281797885894775e-02
5.425403714179992676e-01
4.207216501235961914e-01
4.568238556385040283e-01
-4.830464348196983337e-02
1.230570077896118164e-01
-3.677231371402740479e-01
-5.969558954238891602e-01
-3.827785849571228027e-01
-1.690617948770523071e-01
3.990247473120689392e-02
5.078155994415283203e-01
1.863020658493041992e-02
7.088900804519653320e-01
5.809385038446635008e-05
6.734324153512716293e-03
-4.026167094707489014e-01
1.303500235080718994e-01
2.320061624050140381e-01
2.499359697103500366e-01
-2.414170466363430023e-02
1.814179271459579468e-01
6.223055068403482437e-03
6.694750487804412842e-02
-3.928074240684509277e-02
1.682984083890914917e-01
3.775746747851371765e-02
-8.480393141508102417e-02
8.787862956523895264e-02
-2.484952509403228760e-01
1.533953696489334106e-01
-2.768368124961853027e-01
-2.469227910041809082e-01
-2.957108020782470703e-01
1.855583488941192627e-01
1.093447282910346985e-01
9.284711442887783051e-03
-6.203116849064826965e-02
3.486074805259704590e-01
-3.022589087486267090e-01
-8.166985958814620972e-02
-1.189922317862510681e-01
-1.106844693422317505e-01
3.345544636249542236e-01
1.388853341341018677e-01
2.409327328205108643e-01
-6.735307723283767700e-02
-3.370916247367858887e-01
-3.982737064361572266e-01
-3.134655654430389404e-01
6.470160931348800659e-02
2.775658071041107178e-01
-6.463170796632766724e-02
7.955025881528854370e-02
-5.648236274719238281e-01
-3.602827340364456177e-02
2.519318759441375732e-01
9.255308657884597778e-02
7.490135729312896729e-02
-5.285016074776649475e-02
1.574684828519821167e-01
-4.169415310025215149e-02
-2.438748627901077271e-01
-1.034915685653686523e+00
-7.867394946515560150e-03
-2.516626119613647461e-01
5.021925643086433411e-02
8.621858954429626465e-01
1.135049983859062195e-01
-1.026399135589599609e-01
3.880887106060981750e-02
5.836045742034912109e-01
6.323004364967346191e-01
2.615501880645751953e-01
2.523567900061607361e-02
9.832245707511901855e-01
-2.877768576145172119e-01
6.109108030796051025e-02
1.197660714387893677e-02
6.475691199302673340e-01
-2.605491578578948975e-01
3.312366306781768799e-01
-5.854244828224182129e-01
-3.165133297443389893e-01
2.510190010070800781e-01
-3.898833394050598145e-01
6.432417780160903931e-02
2.860250324010848999e-02
4.915693774819374084e-03
7.213056087493896484e-02
8.390974998474121094e-02
-5.862379446625709534e-02
9.962838888168334961e-02
-9.487096220254898071e-02
5.317540839314460754e-02
-1.312361717224121094e+00
1.506357043981552124e-01
8.341488242149353027e-01
5.124891549348831177e-02
1.195250868797302246e+00
-9.559862315654754639e-02
2.124292850494384766e-01
-5.878406763076782227e-01
4.998876154422760010e-01
-6.002085804939270020e-01
-1.693219840526580811e-01
-2.399918623268604279e-02
1.076264858245849609e+00
8.508406579494476318e-03
8.065374195575714111e-02
2.420702576637268066e-02
-1.265174895524978638e-01
-1.407137662172317505e-01
2.775196135044097900e-01
-6.114116907119750977e-01
-2.304062843322753906e-01
2.666530609130859375e-01
2.752726078033447266e-01
2.124689146876335144e-02
3.408112004399299622e-02
3.650051355361938477e-02
1.170042976737022400e-01
5.086078122258186340e-02
-9.050751477479934692e-02
1.362712085247039795e-01
-4.194964468479156494e-01
1.232221797108650208e-01
-6.848070621490478516e-01
-4.357878584414720535e-03
-5.501934289932250977e-01
5.119787901639938354e-02
6.258059740066528320e-01
-3.492992371320724487e-02
-7.275359332561492920e-02
5.688331127166748047e-01
3.000518381595611572e-01
-8.444834500551223755e-02
-6.679183244705200195e-02
-2.666310071945190430e-01
7.814772129058837891e-01
3.275039196014404297e-01
3.732613101601600647e-02
-1.280061900615692139e-01
-5.676428675651550293e-01
-2.061178833246231079e-01
-4.674520790576934814e-01
-3.736220896244049072e-01
-2.588194906711578369e-01
1.669632643461227417e-01
1.546141207218170166e-01
-4.222814738750457764e-02
-7.205059379339218140e-02
1.396505832672119141e-01
2.555537037551403046e-02
5.665290355682373047e-02
5.223597213625907898e-02
1.473915576934814453e-01
-2.028906904160976410e-02
-8.112262934446334839e-02
-5.267562866210937500e-01
-2.305314540863037109e-01
-1.142295375466346741e-01
-3.369797766208648682e-01
5.186554789543151855e-01
-9.269221685826778412e-03
2.556411363184452057e-02
6.943214684724807739e-02
3.421492502093315125e-02
2.907572388648986816e-01
1.818054765462875366e-01
-1.196216605603694916e-02
4.875361621379852295e-01
-2.477723062038421631e-01
-6.261183619499206543e-01
9.575896896421909332e-03
3.257115185260772705e-01
3.445534110069274902e-01
1.619728058576583862e-01
4.173575639724731445e-01
-3.519805669784545898e-01
-2.572722434997558594e-01
-4.916317760944366455e-02
-4.932896047830581665e-02
2.184205688536167145e-02
4.007826372981071472e-02
4.850664641708135605e-03
-1.005476340651512146e-03
2.593489177525043488e-02
5.699142441153526306e-02
-7.703386992216110229e-02
1.025718003511428833e-01
-6.351891756057739258e-01
1.902847439050674438e-01
4.774534106254577637e-01
-4.349878132343292236e-01
7.065111398696899414e-01
-6.261194497346878052e-02
7.022332400083541870e-02
-4.060195088386535645e-01
1.072541922330856323e-01
-3.181347846984863281e-01
-1.692935824394226074e-01
4.206696525216102600e-02
5.461722016334533691e-01
4.019485041499137878e-02
-7.697007656097412109e-01
-2.034774050116539001e-03
-6.289628148078918457e-02
4.042854607105255127e-01
1.440538316965103149e-01
3.843169212341308594e-01
-3.336505293846130371e-01
-2.198816090822219849e-01
1.462513804435729980e-01
3.920358140021562576e-03
-1.142627652734518051e-02
8.075478486716747284e-03
-7.884387671947479248e-02
-1.187361851334571838e-01
-6.764883548021316528e-02
8.402965217828750610e-02
-2.448322623968124390e-01
1.472459435462951660e-01
-3.699537515640258789e-01
3.281944096088409424e-01
-3.877897858619689941e-01
-2.609362006187438965e-01
3.365954458713531494e-01
1.983717456459999084e-02
-1.277510374784469604e-01
3.303647041320800781e-01
6.581690162420272827e-02
2.968975342810153961e-02
-9.739523380994796753e-02
-8.303655683994293213e-02
3.290345668792724609e-01
2.799001634120941162e-01
-3.049418032169342041e-01
-1.054775491356849670e-01
-3.440078794956207275e-01
3.394342660903930664e-01
-1.763877421617507935e-01
1.739460378885269165e-01
-3.756428956985473633e-01
-1.279339492321014404e-01
-3.334798291325569153e-02
1.527604162693023682e-01
-8.220190554857254028e-02
2.452368587255477905e-01
1.567831188440322876e-01
-7.233408689498901367e-01
-4.721156060695648193e-01
-3.449338376522064209e-01
8.300094306468963623e-02
-1.701298356056213379e-01
1.413270980119705200e-01
2.114666998386383057e-01
-2.713927030563354492e-01
2.343286424875259399e-01
2.856216020882129669e-02
1.739587336778640747e-01
-2.763503789901733398e-01
9.799706935882568359e-02
-9.081482887268066406e-01
5.685653090476989746e-01
-1.368615329265594482e-01
-4.491958394646644592e-02
-4.676268696784973145e-01
-1.609749048948287964e-01
3.804439902305603027e-01
5.340973734855651855e-01
6.761239767074584961e-01
-6.901756525039672852e-01
4.065722525119781494e-01
5.603891015052795410e-01
4.963347017765045166e-01
4.431882798671722412e-01
-5.935430526733398438e-01
-7.013177126646041870e-02
-3.241416066884994507e-02
-1.220346242189407349e-01
1.823465973138809204e-01
-8.326763510704040527e-01
-4.522397816181182861e-01
-2.673454582691192627e-01
6.130433827638626099e-02
-2.427867986261844635e-02
1.369037777185440063e-01
1.562322378158569336e-01
8.042411208152770996e-01
3.172599971294403076e-01
2.444927580654621124e-02
-9.061066806316375732e-02
3.064210414886474609e-01
-6.036254763603210449e-01
-8.663439154624938965e-01
-5.055427551269531250e-01
4.564837738871574402e-02
-9.555960074067115784e-03
-5.136399269104003906e-01
6.372473388910293579e-02
4.725974500179290771e-01
4.652280509471893311e-01
-1.900044381618499756e-01
-6.683524250984191895e-01
3.116436004638671875e-01
6.187221407890319824e-01
6.490838527679443359e-01
5.225040912628173828e-01
3.321371078491210938e-01
-4.020248726010322571e-02
1.045737639069557190e-01
-1.125996559858322144e-02
2.360704392194747925e-01
-3.444226086139678955e-01
-2.201439589262008667e-01
-1.567883417010307312e-02
3.464419022202491760e-02
9.169061481952667236e-02
7.106209546327590942e-02
-3.959424197673797607e-01
-5.442931652069091797e-01
1.593248546123504639e-01
-2.238366752862930298e-03
-5.652882158756256104e-02
-1.068710908293724060e-01
4.962339103221893311e-01
-5.621459484100341797e-01
-5.017277225852012634e-02
1.484180148690938950e-02
-1.704706251621246338e-01
-2.702228128910064697e-01
2.944487631320953369e-01
1.597819179296493530e-01
3.525482416152954102e-01
-6.334023475646972656e-01
-6.590276956558227539e-01
-4.907821416854858398e-01
3.722590208053588867e-01
5.042424201965332031e-01
1.899628341197967529e-01
2.777892649173736572e-01
-1.188623309135437012e-01
-1.042139530181884766e-01
4.091112017631530762e-01
1.516231149435043335e-01
1.370575185865163803e-02
-9.508708119392395020e-01
1.070079356431961060e-01
1.018218398094177246e-01
-2.534834444522857666e-01
3.685947954654693604e-01
9.281130880117416382e-02
-4.001055061817169189e-01
7.704623788595199585e-02
3.003965364769101143e-03
2.766044437885284424e-01
-4.318214356899261475e-01
1.387047469615936279e-01
9.332218766212463379e-01
7.672463059425354004e-01
-4.887379407882690430e-01
-5.022977665066719055e-02
-9.024084806442260742e-01
-2.688718140125274658e-01
2.656915225088596344e-02
8.942527770996093750e-01
1.054636478424072266e+00
-4.522732496261596680e-01
7.298552393913269043e-01
-1.246988892555236816e+00
-4.930266439914703369e-01
5.541138648986816406e-01
-9.850794672966003418e-01
-1.522780116647481918e-02
-1.064972057938575745e-01
-6.485216319561004639e-02
6.936877220869064331e-02
1.974798738956451416e-02
-9.937278032302856445e-01
3.890402987599372864e-02
3.856211155652999878e-02
-7.738734036684036255e-02
3.489897847175598145e-01
1.776055544614791870e-01
1.217532515525817871e+00
8.509378880262374878e-02
4.563413560390472412e-02
-1.244192793965339661e-01
4.987443983554840088e-01
-9.104101657867431641e-01
8.874953985214233398e-01
-7.250004410743713379e-01
1.557998172938823700e-02
-1.381135135889053345e-01
-1.005056619644165039e+00
-1.956043392419815063e-02
2.882717177271842957e-02
9.351253509521484375e-01
-3.251941204071044922e-01
-3.004941642284393311e-01
5.047527551651000977e-01
-1.322275519371032715e+00
-3.704552650451660156e-01
5.396437644958496094e-01
5.437397956848144531e-01
-2.412126213312149048e-02
-6.617888808250427246e-02
6.711008399724960327e-02
1.372372806072235107e-01
5.372308939695358276e-02
-4.941852390766143799e-01
1.431596279144287109e-01
5.541303753852844238e-02
-2.031033160164952278e-03
2.562042176723480225e-01
-6.125136092305183411e-02
-7.980312108993530273e-01
9.218275547027587891e-02
1.028545126318931580e-01
-9.550087153911590576e-02
-1.618963927030563354e-01
7.818164229393005371e-01
5.967568755149841309e-01
-2.991022169589996338e-02
1.311648637056350708e-01
-3.667686283588409424e-01
-6.607190370559692383e-01
4.041610956192016602e-01
1.002803165465593338e-02
6.760147213935852051e-01
-8.504072427749633789e-01
-3.890176117420196533e-01
-7.986502647399902344e-01
-8.013043999671936035e-01
-4.267518520355224609e-01
4.302081167697906494e-01
5.917209386825561523e-01
1.882301270961761475e-01
-3.179463148117065430e-01
2.920510172843933105e-01
9.771436452865600586e-02
7.057852149009704590e-01
-5.347735285758972168e-01
3.138340413570404053e-01
7.390224933624267578e-02
-1.651959717273712158e-01
1.854089498519897461e-01
-2.351467162370681763e-01
-2.431236356496810913e-01
-3.410009741783142090e-01
-1.177388709038496017e-02
1.478528380393981934e-01
-1.193293482065200806e-01
1.652528643608093262e-01
-9.691600687801837921e-03
3.003916144371032715e-01
-3.013966381549835205e-01
1.864817366003990173e-02
-4.931576251983642578e-01
-3.455675542354583740e-01
-3.870361745357513428e-01
5.209602117538452148e-01
6.398731470108032227e-01
4.833649992942810059e-01
2.858522534370422363e-01
6.450818181037902832e-01
-6.212573647499084473e-01
-1.039786219596862793e+00
-2.761873900890350342e-01
-1.156328693032264709e-01
-2.913798689842224121e-01
-1.475005503743886948e-02
-2.747051790356636047e-02
7.360759377479553223e-01
-4.883900880813598633e-01
2.491258531808853149e-01
2.352414652705192566e-02
2.157800458371639252e-02
2.065923959016799927e-01
1.652753651142120361e-01
7.937434315681457520e-01
-3.914236724376678467e-01
-5.306537263095378876e-03
-7.626947760581970215e-02
2.121031731367111206e-01
-6.015762686729431152e-01
-3.846993669867515564e-02
-4.150545895099639893e-01
8.366192877292633057e-02
6.262087076902389526e-02
-5.613919496536254883e-01
-4.119642078876495361e-02
-4.747079908847808838e-01
4.948513507843017578e-01
-1.369206607341766357e-01
6.504584550857543945e-01
1.686795651912689209e-01
6.371036171913146973e-01
-6.021825671195983887e-01
-1.140721440315246582e+00
2.536818981170654297e-01
-1.478635147213935852e-02
-3.337347507476806641e-01
1.968448236584663391e-02
-1.862179338932037354e-01
3.212637007236480713e-01
-1.966592222452163696e-01
2.136240601539611816e-01
-5.350614339113235474e-02
7.052528858184814453e-02
1.221463829278945923e-01
3.757078051567077637e-01
-5.632165670394897461e-01
-2.439551204442977905e-01
2.606363408267498016e-02
-4.472224973142147064e-03
-1.070180088281631470e-01
4.483612179756164551e-01
-6.425886601209640503e-02
8.047584444284439087e-02
9.425842016935348511e-02
-9.454319626092910767e-02
-3.365680575370788574e-01
3.305633068084716797e-01
-1.737296134233474731e-01
2.821296155452728271e-01
-4.787177145481109619e-01
4.996552467346191406e-01
-3.994749784469604492e-01
4.093530178070068359e-01
-6.228033900260925293e-01
-6.210214495658874512e-01
9.909802675247192383e-02
1.576220691204071045e-01
-1.431446336209774017e-02
1.565228253602981567e-01
1.086297035217285156e-01
-5.446590185165405273e-01
4.660388827323913574e-01
-2.614279985427856445e-01
2.872719429433345795e-02
-9.715456515550613403e-02
2.980043292045593262e-01
1.501508802175521851e-01
-1.305540055036544800e-01
-1.342751830816268921e-01
-3.287305831909179688e-01
-1.508763730525970459e-01
-1.753595322370529175e-01
1.493459641933441162e-01
-5.039272308349609375e-01
2.024031728506088257e-01
1.159157529473304749e-01
-5.563671141862869263e-02
-5.803311988711357117e-02
-1.323155313730239868e-01
-1.583580374717712402e-01
-5.655721426010131836e-01
4.022603929042816162e-01
-4.394683241844177246e-01
2.219926714897155762e-01
3.244069814682006836e-01
4.335010349750518799e-01
3.531270921230316162e-01
-2.957119047641754150e-01
-8.728101849555969238e-02
2.387119270861148834e-02
-1.006996780633926392e-01
8.461264520883560181e-02
-6.495339870452880859e-01
4.462481141090393066e-01
-1.710494905710220337e-01
1.351125687360763550e-01
-6.935302913188934326e-02
4.266250431537628174e-01
6.509870290756225586e-02
4.694125950336456299e-01
-7.459401339292526245e-02
-4.738069474697113037e-01
2.006641402840614319e-02
1.685583889484405518e-01
-3.958498835563659668e-01
-3.633036911487579346e-01
-2.546914815902709961e-01
-9.004297852516174316e-02
-1.599215157330036163e-02
1.723989611491560936e-03
9.487000852823257446e-02
-2.428643703460693359e-01
-5.174731612205505371e-01
-9.012847393751144409e-02
-4.358454048633575439e-01
1.321969330310821533e-01
3.897161483764648438e-01
5.029807090759277344e-01
3.998612463474273682e-01
1.763677746057510376e-01
-5.410695075988769531e-02
9.125877171754837036e-02
-4.255920276045799255e-02
4.860753193497657776e-02
-3.395792245864868164e-01
2.052695006132125854e-01
1.361038833856582642e-01
2.015598267316818237e-01
2.529393136501312256e-02
1.220563873648643494e-01
-2.299042940139770508e-01
-3.561826348304748535e-01
-7.520015537738800049e-02
-2.447216361761093140e-01
7.717251032590866089e-02
-4.786255955696105957e-02
2.487638145685195923e-01
-2.128617167472839355e-01
3.736524283885955811e-02
-5.320787429809570312e-02
-4.697415232658386230e-02
-2.303024008870124817e-02
1.954220831394195557e-01
-1.643020361661911011e-01
-2.515687644481658936e-01
-3.714373409748077393e-01
-4.278364181518554688e-01
-2.663786709308624268e-01
2.560403645038604736e-01
3.935417830944061279e-01
1.661635935306549072e-01
1.329903006553649902e-01
6.129065901041030884e-02
-3.053108230233192444e-02
2.750235199928283691e-01
1.664033234119415283e-01
-3.282744809985160828e-02
9.570894837379455566e-01
-1.580280810594558716e-01
5.378681421279907227e-02
-1.906256824731826782e-01
7.271409034729003906e-01
1.448739971965551376e-02
-2.557254433631896973e-01
3.363381698727607727e-02
-9.595014452934265137e-01
-3.606807291507720947e-01
-3.147942125797271729e-01
2.187867164611816406e-01
5.860947966575622559e-01
2.808952033519744873e-01
-1.025184839963912964e-01
8.168058097362518311e-02
-4.735183715820312500e-02
-2.421420216560363770e-01
-7.717115432024002075e-02
-8.713029026985168457e-01
6.377199292182922363e-01
-3.038206994533538818e-01
4.032061994075775146e-01
-7.944239377975463867e-01
-3.125979900360107422e-01
4.635438621044158936e-01
-4.955602884292602539e-01
-4.894616454839706421e-02
1.089081913232803345e-02
-1.094359606504440308e-01
3.109351545572280884e-02
-3.151484997943043709e-03
1.029923081398010254e+00
-7.277172058820724487e-02
2.192831933498382568e-01
-1.486458629369735718e-01
9.670335650444030762e-01
1.530734002590179443e-01
7.715721130371093750e-01
4.275051876902580261e-02
-1.249001860618591309e+00
-1.330637782812118530e-01
2.847089171409606934e-01
-6.240797042846679688e-01
4.688228666782379150e-01
-3.699244558811187744e-01
-4.934814572334289551e-02
4.346967861056327820e-02
-7.702755182981491089e-02
2.348046377301216125e-02
-1.326045095920562744e-01
-9.137540459632873535e-01
-1.588812172412872314e-01
-1.864860504865646362e-01
2.663210332393646240e-01
-7.073614597320556641e-01
-1.896264553070068359e-01
4.452551007270812988e-01
3.256256282329559326e-01
-2.041366137564182281e-02
3.752130270004272461e-02
-5.462241172790527344e-02
-3.456984832882881165e-02
2.420242875814437866e-02
6.685229539871215820e-01
4.651569947600364685e-02
4.760692417621612549e-01
-9.204998612403869629e-02
4.746653735637664795e-01
-8.848356455564498901e-02
-5.498818755149841309e-01
5.560970306396484375e-02
-6.339550018310546875e-01
-9.949695318937301636e-02
-1.296212077140808105e-01
3.886692523956298828e-01
2.824348807334899902e-01
1.245365366339683533e-01
7.629311829805374146e-02
-1.058755442500114441e-01
-1.290117800235748291e-01
2.856749296188354492e-01
-4.882623627781867981e-02
-5.291809439659118652e-01
-5.144621729850769043e-01
-1.901018619537353516e-01
-4.513917565345764160e-01
-3.278098702430725098e-01
-1.786400824785232544e-01
2.729714810848236084e-01
2.591763734817504883e-01
1.854531615972518921e-01
-9.291860461235046387e-02
2.284691184759140015e-01
7.056961208581924438e-02
5.872266292572021484e-01
4.330460131168365479e-01
6.347651034593582153e-02
5.835644155740737915e-02
-6.882020086050033569e-02
2.628664970397949219e-01
-1.644466221332550049e-01
-1.454096585512161255e-01
5.593214929103851318e-02
-5.196907520294189453e-01
-2.831406295299530029e-01
-8.614460378885269165e-02
1.429971754550933838e-01
-8.757611364126205444e-02
3.184583783149719238e-02
-4.414141923189163208e-02
-4.285605624318122864e-03
-7.750461809337139130e-03
-2.596730589866638184e-01
1.710890531539916992e-01
-5.430700182914733887e-01
3.861185014247894287e-01
3.297024071216583252e-01
2.200593352317810059e-01
3.460853099822998047e-01
-3.749738931655883789e-01
-7.475079298019409180e-01
-1.680207699537277222e-01
-1.324170380830764771e-01
2.991921640932559967e-02
-1.999126933515071869e-02
-6.233860552310943604e-02
6.854725480079650879e-01
4.529203176498413086e-01
5.643387511372566223e-02
1.381410062313079834e-01
-7.268669549375772476e-03
4.887852072715759277e-01
1.721014529466629028e-01
4.966970682144165039e-01
3.987216204404830933e-02
-6.951214075088500977e-01
4.095261543989181519e-02
1.539136022329330444e-01
-3.642838895320892334e-01
-1.316014975309371948e-01
-1.213903725147247314e-01
1.000745501369237900e-02
3.314433246850967407e-02
6.745423655956983566e-03
-1.114052161574363708e-02
2.968978583812713623e-01
-5.054718852043151855e-01
-8.523224294185638428e-02
4.149470031261444092e-01
7.924108207225799561e-02
3.468610048294067383e-01
-3.481687903404235840e-01
-8.208100795745849609e-01
1.582963615655899048e-01
-1.077277585864067078e-02
-1.413917355239391327e-02
-5.205577239394187927e-02
-1.697927862405776978e-01
3.319346010684967041e-01
2.400999218225479126e-01
4.273099824786186218e-02
1.817692667245864868e-01
1.400689594447612762e-03
2.205249369144439697e-01
1.564891636371612549e-01
-3.662016689777374268e-01
8.438774198293685913e-02
-3.710505366325378418e-01
8.179603517055511475e-02
-6.212048605084419250e-02
2.145684957504272461e-01
-9.846414625644683838e-02
1.135513260960578918e-01
3.139694780111312866e-02
8.840886875987052917e-03
-3.177105262875556946e-02
1.943079382181167603e-01
1.887455731630325317e-01
-2.327658683061599731e-01
-3.013956844806671143e-01
3.618800044059753418e-01
-1.914808750152587891e-01
2.016817480325698853e-01
-3.359914720058441162e-01
-4.397174119949340820e-01
2.783635258674621582e-02