11000000110011010100100111101000
11000001110110000100110110101110
11000001110001111000011001000110
11000001110110100000011010101000
11000001110000110011011111000100
11000001101110001100111101001010
11000001101011000011111000001000
11000001100110011100111000110000
11000001100010100001011011101000
11000001100100000110100001111100
11000001100011000100000000101100
11000001100001100001000000101100
11000001100010101110101110111000
11000001100101101000010100110000
11000001101100111011101101111100
11000001110100100100101101111000
11000001110011110010111111001000
11000001110011001100000110111100
11000001110101110001000110011000
11000001111000001000011010001100
11000001111010111001111110000100
11000010000010110001011110111100
11000010000010111001000111001000
11000010000010111100000000100110
11000010001000001010001001110110
11000010001001010011110011100000
11000010001001111011101111110010
11000010001000011000001011110110
11000010001110001100111000000100
11000010010000110010100110000100
11000010010000011100111000101100
11000010010010110110001100011000
11000010010100010101011001111000
11000010001110111001000110111110
11000010010000011100001100010010
11000010001111010001001000011000
11000010001110000011101001010000
11000010001100100011001111101010
11000010001011110000101100111000
11000010001100001001101011100100
11000010001100010111000010111110
11000010001100110001111110001110
11000010000110110101110110000000
11000010000111101010000000111000
11000010000100100000111100001110
11000010000110101010000111100010
11000010000110101011010001101100
11000010000110001011011111110100
11000010000101101100101110111100
11000010001110011010011011110100
11000010010110001010011001100010
11000010010110110001011000001101
11000010010101011100100111100000
11000010010011110100100100110001
11000010010010101000110010011011
11000010010111110101101011010010
11000010010101001010011100110101
11000010011100010110001000000011
11000010100000110111010001010011
11000010100001011001101001011111
11000010100000010111011100110101
11000010100010000100101110010100
11000010100011100100100011110111
11000010101011011110001000110000
11000010101001111010110010101111
11000010100111000111100111100000
11000010101010001111111110111000
11000010100111101101100011100001
11000010011000010111000101010100
11000010101111010011010011111010
11000010101111101100000100000100
11000010110010110111011100001111
11000010110011000111111100100110
11000010110011110110001010100001
11000010110111010110100000001101
11000010110110010010110011001000
11000010101100000111110100111110
11000010110100010010001010101010
11000010110001101111111101110101
11000010110000011100010010000010
11000010110000111110011010101100
11000010110000010101000001001011
11000010110001100111001000110011
11000010110010100100110010111111
11000010101011101100010101010000
11000010101011000111010000100101
11000010101101011111100010000000
11000010101101110111100101001100
11000010101101110001000011111101
11000010101100101011100111010111
11000010101011110100110111000101
11000010101101110000000001110001
11000010101011111000101010011100
11000010101011010000001001000110
11000010101011101100111100000111
11000010101101110010101100100001
11000010101011101011111110010100
11000010101100010000100101010000
01000010100111010001101011000001
01000010101001000011111001110111
01000010101001100110110101011110
01000010101101011010011111110110
01000010101110000101010001011011
01000010110000110010000010100011
01000010110000010000100111000010
01000010110010010101110111110000
01000010110000000001100111110100
01000010101001110001000001000110
01000010110001101000011001010100
01000010110000101100010101110010
01000010101111100010100010100101
01000010101110110000001100100011
01000010110010000101001010011010
01000010110010110011110100100000
01000010110011010000011001001001
01000010110110010010100010011100
01000010111000101100010100011100
01000010110101000000111001001100
01000010111001110001011000000111
01000010111000100110100000000110
01000010110101011000001011010000
01000010110100100011011111001110
01000010110001000100111101101110
01000010110000100011011100010010
01000010100110001101101010000000
01000010110000101110010010111000
01000010101110000010001100010000
01000010110110010010010000001001
01000010101110100111000110011100
01000010101111000010101101110011
01000010110011000111011111111101
01000010110011011001111101110000
01000010110110101101101110101010
01000010110010110101011110111010
01000010110110101100001111000000
01000010110101111111000000100100
01000010110110011001101000110010
01000010110101100001001001010010
01000010110100101001100000111111
01000010110100011001100100101101
01000010111000010010111100010011
01000010110110000100110110001001
01000010110101010110010011001011
01000010110100111111010011100101
01000010110100011000100100110110
01000010101100101110111001001001
01000010110100111100001110000110
01000010011000110000011001001001
01000010010000000110111011110011
01000010001110011001101110101111
01000010001111000100111110011100
01000010001100101100101001111101
01000010001011001001011011001010
01000010001101001100101111010110
01000010011001110010101000111000
01000010010101100111001101111110
01000010010001010011000101111111
01000010010100000011000110010010
01000010010101000100000100101011
01000010010101101111110101101010
01000010010010111011110110100010
01000010100001011110010000001111
01000010100100101111100001010100
01000010100001101011101100111111
01000010100001010010010100110101
01000010100010111111101010110101
01000010100011110011010111100010
01000010100011110111111101001111
01000010100100110111101011010100
01000010100110100010001010100100
01000010101100110001111011001111
01000010101000000011100110000011
01000010101000111000111111100110
01000010101011010111110110111110
01000010100111001100011110000111
01000010101000100010110101000110
01000010110011111011011011010100
01000010101000111111100101100101
01000010101000111011101010010100
01000010100110101001111111011100
01000010101001001110001100011100
01000010101000010101011111010011
01000010100010100100100111011111
01000010100011010011100101001000
01000010100101010111001010101010
01000010100100101110100101101011
01000010100100011001111100110000
01000010100101001001001010110100
01000010100101010110000101001011
01000010110001000011010010110111
01000010100001110001011011011100
01000010101000011100010101001100
01000010100010111010100100100100
01000010100010001110111111011010
01000010100010001011110001010000
01000010100100001001111101100111
11000001010011101011100001100000
11000010000001011110000110100111
11000010000101000010101010011100
11000010000010011101101010000011
11000001111110011111111110010110
11000001110110101110000101110100
11000001101011111010000000101010
11000001100000101011000111000110
11000001110000000100110101011010
11000001110001000111001000011100
11000001101111110101100100000010
11000001110001010001101010111100
11000001110011100100000000110100
11000001110110101101111110000100
11000001100000111110110111100100
11000010000001101010111011111010
11000010001000011001000111111010
11000010001000110111001110011110
11000010000110100101100101000101
11000010001110101111100001001001
11000010010100111100010110000100
11000010010011101010001011010110
11000010011001001110001101101101
11000010100001110010110000001000
11000010100101111100011011101110
11000010100101110101111011101001
11000010101010110001110111100001
11000010101101111011101101010010
11000010101100001011101110111100
11000010101011011100100001011011
11000010101101111001000111100001
11000010101110101001100111111100
11000010101101001110010101011000
11000010101101100100100010111010
11000010101101100100010110000100
11000010101101101100100110111010
11000010101001100100011100111111
11000010100110010101110010111101
11000010100101011110000000010000
11000010100101110010010001000110
11000010100101001001001110011101
11000010100101101110010011110111
11000010100011000000010011100000
11000010100000110111100111010001
11000010100010101100111100100110
11000010100101011010000111101000
11000010100010000001100100000101
11000010100000011000010110110101
11000010011111110011010111110100
01000010010000101010000101101110
01000001111111001011110110011100
01000010000010001000011000011011
01000010000011010000101110110110
01000001111101101001111101100111
01000001110100110000000111100011
01000010001001001111001111010100
01000010000101000001100000110010
01000010000000110100000110101000
01000010000000000001010100101110
01000001111110011000101000011110
01000001111110101010011110100001
01000010000000101011010110100010
01000001110101000010010001100001
01000010000101011000001110001001
01000010000011010110010111111111
01000001111100000101000110100001
01000001111111111000111110001111
01000010000010001000011011011101
01000010000100101001010000001000
01000010000010000010001111000111
01000010000100001010101110111010
01000010110000101001100111000100
01000010000101111100110100011111
01000010000001011100100100111100
01000010000011001100001010010000
01000001101111111111100100000110
01000001100000011111000001010100
01000001111000110110000000111000
01000001100110101011010100011010
01000001111101011011111101011110
01000001111110110010010011011000
01000010000001111111000101010101
01000010001001000010101000011100
01000010001100110101010101011010
01000001111000100110010010110100
01000010001000111110010100110000
01000010001010110111010100010011
01000010001011011001011000001111
01000010001010110110110001110011
01000010010101010000011011110110
01000010000100111001011111110010
01000010001110101001010101111110
01000010000111101100010100000100
01000010000010100111011110110010
01000010000010010101011100111001
01000010000011100111010000101010
01000010000110100010100100010011
01000010000111100010011001100101
11000010110101010111010101110010
11000011000001100101001000110001
11000011000000110110000000000011
11000010110111000101110111010111
11000010111100100101010110110101
11000010111011111010011010110010
11000010111100001001001010000011
11000011000000011010011101000011
11000010111111111011100001011111
11000010111100011000110110010010
11000010111101110000100001010110
11000011000000110110110111101111
11000010111100010101000010000001
11000010111000111110110111101101
11000011000010100010010001111100
11000011000110010010110110011100
11000011000111101101011011001101
11000011000111001011000100101110
11000011001000100000101000011101
11000011001001011111010000101011
11000011000110100110110001101011
11000011001010001010100010111000
11000011001100011100101100000100
11000011001110110011111101100001
11000011001110101110010011110100
11000011001110110011101011001110
11000011010001101000010110010110
11000011010001100110100101000110
11000011001110110010000100100011
11000011001111000011101101001011
11000011010010100111110111000101
11000011010010110000011100111010
11000011010001111111010010010111
11000011101001100100101110001010
11000011011001000011100111010011
11000011010010111110001110111001
11000011010001101010100000101101
11000011010000011011000001010101
11000011001111100110010011000010
11000011001111110110110111011010
11000011010000110100010001010101
11000011001111100111001100010111
11000011001110111110000000001010
11000011001110000011011100011100
11000011001101110010000011001100
11000011001100101001110011101011
11000011001100110111000010011000
11000011001010101001001001011100
11000011001101000110011010011111
11000010111000101010001110110111
11000010111101011100101010000001
11000010111101000011001111100111
11000010111011001100010111010010
11000010111010010011101110100111
11000010111001111110000010010110
11000010110111100101010101110100
11000010110110110001010110000110
11000010111010000101011101000110
11000010110111111110111101101101
11000010111011010111110000110100
11000010111011100000101001101100
11000010111101011100100011010011
11000010111111001011000000000100
11000011000011000100001101111111
11000011000011110000001100111001
11000011001000000011011011011001
11000011001000001111000001111101
11000011001001110010000111111000
11000011001011000111111100111111
11000011001100101100010101010110
11000011001111001001000100101101
11000011001111110000111010100110
11000011010010100111001100111100
11000011010101011111101101000110
11000011010110011100111100000011
11000011011000000001010111011000
11000011011000011100110110110101
11000011011000000011110000010110
11000011011000110100010011111010
11000011011001011100100010101101
11000011011001111111101000100011
11000011011010001110111100111110
11000011011001011100010101000111
11000011011001001000001110011101
11000011010111001000101101010101
11000011010100011101111001100001
11000011010011110010010000100010
11000011010011100110111000010101
11000011010011100101110111110110
11000011010011101001101010000000
11000011010011011001111100001111
11000011010000100001111011011010
11000011010000110000010001110010
11000011010000011100100010100001
11000011010000001010111001000010
11000011001110110110101000000101
11000011001111110101001000001000
11000011001111010000011001001111
01000010001011010100100100000110
01000010000010001011010011101010
01000010011100011000111001111110
01000010000100011010111111010100
01000010000011101000010110100000
01000010000010111001000000110110
01000010000001110100100000110010
01000010010010110001101100011000
01000010010110100110000110000110
01000010011000011101100111010110
01000010010111011011001010000010
01000010011110000001011100101010
01000010011111110000000011000010
01000010011011100100110111000110
01000010010101100110101100100000
01000010011101110100011011111100
01000010100011011111010010101000
01000010100001110100000010011101
01000010100010101100111000100111
01000010100010101010110001101100
01000010100010010011001011001101
01000010011101011001110001101000
01000010001100010111011111010000
01000010100000111100101011110011
01000010100001101111111000001111
01000010100100011110010010110011
01000010011111010000011101101010
01000010100100011001000010110111
01000010100001110101100010110111
01000010001110010011011110000000
01000010010010100010110100000000
01000010100000101010000101001010
01000010001111110001100000001100
01000010010001110110111111010100
01000010011011101000101101011010
01000010010111101100110101001010
01000010010111111111011101101100
01000010010001001011111111000100
01000010010010111000000100111100
01000010010010001000101110111000
01000010001111110100000011011000
01000010010000001111100011111110
01000010011010010000000110110000
01000010011100011100010110111000
01000010011010100100000010100100
01000010011001101110000100100100
01000010010110101001111010001100
01000010010100101011010001101000
01000010010110010011110110100100
11000000100111111111101110000000
11000001111101100110110001000100
11000001100000110110001100110100
11000001010111111110101111011000
11000001100011101010111000000110
11000001100101101111111100111110
11000001101100100111111000001010
11000001100100111101001111101100
11000001010011011010001000101000
11000000111100000010111011101000
11000001001000100001110110110000
11000000110100011000100010101000
11000000100000101000111000100000
11000000100011110101011111001000
11000001100000101101110110010100
11000001011100110101111010001100
11000000101111001100010100010000
11000001000001001101001110111100
11000001001100001001111000110100
11000000110111100010011000110000
01000001000100101111100100010000
11000001010100010100001010100100
11000001100001100111001000100000
11000000110000111111001010100000
10111110010100000011001100000000
10111111100100000010001111000000
11000000000111111010110010010000
01000000111100101100010010101000
10111110001001011011111100000000
11000001000001111011111100000100
11000001001001001010011011110100
11000001000001000100111100011100
11000001010101011010011010100000
11000001101111001111100000001000
11000000100101011111011111110000
11000001001001100001101110111000
11000001100000111101000011000010
11000001100001000011110010110000
11000001010101000110111010011100
11000001010101011110101010010100
11000001011011011110110001000000
11000001100000000001011101111000
11000001001101011010110001001000
11000001000101000011011010111000
11000000110100111100001010010000
11000001000100111101101010100000
11000001000110001011001010000100
11000001001101111101000100010100
11000001000100011110101000000000
01000010001011101011100110110101
01000010001011001001000011011100
01000010001011001001111011010100
01000010000111001010000000001001
01000010000111110011110011100011
01000010000001000101100000110001
01000001111000110101110100011010
01000001101010011011111101010100
01000010000001000111010100100000
01000010001110000100011010000100
01000010000111010100011011010100
01000010001010110010010001000100
01000010010000011100101110001100
01000010010110110100011110101010
01000001111101110011111000101000
01000010001001011111011111000010
01000010011100000001110101010110
01000010011011000111011101000000
01000001110100100010100001110100
01000010100000000001001010011101
01000010011101110100110111011110
01000010100000110000001110011011
01000010011000111101101001001010
01000011000011010101110110100110
01000010101110011000101101010010
01000010101100001010101010001001
01000010110000000110101111110100
01000010101101100100001100010000
01000010110100111011101100011011
01000010111110011100101100010101
01000010101100110010100010110111
01000010101111001011110000001111
01000010101110101111100101110111
01000010101001101001100000001100
01000010110001110001111001011001
01000010100011011101111001100000
01000010111111000100011001110001
01000010101000110110011000100110
01000010101010011010011010101010
01000010101010011011000011001001
01000010111001010000100101010110
01000010100010100110011000000001
01000010100111101001000110000011
01000010100111101010001010100011
01000010100111000111101011010110
01000010101000110101100001100000
01000010101000100011111100001011
01000010100110000111101010000100
01000010101000010100101100001011
11000010001010000111001101101110
11000010000001101001101110101101
11000010011001101110010111101010
11000010000011000111010110000101
11000010000010000101111100011011
11000010000100011100000001001100
11000010000011011001010001111001
11000010001100001101110011101000
11000010001011001001100011000011
11000010000111111110010001110110
11000010001100101010100100101101
11000010001110010000011001011100
11000010000111011011001011010101
11000010000100000011011110101001
11000010011010001100010000101010
11000010011000101110011011000000
11000010011000110100110110001000
11000010010111101111001001111110
11000010011010001100110101100100
11000010011001101100010001111100
11000010010010001110010111101000
11000010011000010100111010110000
11000010010110101100000101111010
11000010011000100010110000100000
11000010010111111000110000100000
11000010011000010101111110000010
11000010011000110001110011111010
11000010011000001001001001010000
11000010010010000100100111001100
11000010010001101110001110101001
11000010010011111001110100011110
11000010010010111001001011110010
11000010010101100101001100111001
11000010010011011110110111000001
11000010010010111101100100001000
11000010010000000100010010000000
11000010010011011010000001101101
11000010001111001001111110001000
11000010001111000101110100100110
11000010001110111110011000001010
11000010001110100110101111111101
11000010010001101011010011011001
11000010010000101000110000011000
11000010011100000001110111110100
11000010010011110100001011011100
11000010010001110010110011001101
11000010010000100110000111010111
11000010010001011010111100011101
11000010010001010010100101101101
11000001101100000000000110001000
11000001110101010110011011011000
11000001101101010101011100111100
11000001110111000111111110000101
11000001110101011010011110011111
11000001110011011011001101011010
11000001110111000111001110011111
11000001110100010001100101001001
11000010000111011000000001111011
11000010000011011100000101101100
11000010000101100111001000101011
11000010001101000111011110111111
11000010001000100100010010011010
11000010000110010001101001001110
11000010001010010001101010101100
11000010001001111101011111010110
11000010001010111110100110011111
11000010001011001001001101111011
11000010001010001010101011100101
11000010010001101010000010101001
11000010001011001010000000011100
11000010000100001000011100101000
11000010001011010111010100111111
11000010001100111011100110100010
11000010001001010011100111011010
11000010000101110101100111000001
11000010001011100000011101011011
11000010000100111010010000100001
11000010000110000111000000100011
11000001111100011100000110101001
11000010000001111000111010001100
11000001111110110110111100000011
11000001111100010000100011010010
11000010000001011010001100011011
11000010000101111001011001011000
11000001111110110101010010001100
11000001111111111010000110000001
11000010000010110110010110110011
11000010000001000100011100100001
11000010000001110111100011010100
11000001110111001001000011011101
11000010000000110101110101110100
11000010000011010110100100010110
11000010000110100001010010111010
11000010000110011010100110011000
11000010000100010111001011110110
11000010000110000111011011110111
11000010000001010101110110000110
11000010000100010010100001100011
11000010101000111100111111110110
11000010110101010010001001000001
11000010110011010111111010110110
11000010110011000011111011011100
11000010110101010101101011101010
11000010110011100001001010011111
11000010111000010011001001011001
11000010110010011101000011001011
11000010101110100011110111101011
11000010101100111110111001010011
11000010101110111010110010001101
11000010101101000101001111011011
11000010101100111111111110110011
11000010101010000000011011011011
11000010110001111110110110011000
11000010110100011111101011101010
11000010110001011111011010100101
11000010110010000010100000011001
11000010100000011011101001010110
11000010111101111100110000111101
11000011001100010110001011110110
11000010111101010001011010010111
11000010111111110000100011111001
11000010111111100001101000010000
11000010111101001111110111110111
11000010111101111101100010110100
11000010111100010011111110100010
11000010101011000110101011110101
11000011000000011111110001001101
11000010111100011000011101000100
11000011000001001110011011110001
11000011000000011001110101110111
11000011000010000111010101000000
11000011000110011011011001011110
11000011000100111010101110101001
11000011000001101100111000111001
11000011000011010111010110000011
11000011000101000001011101100000
11000011000100110011101011000011
11000011000011001110000001001101
11000011000000111111111000110000
11000011000001111101100000110011
11000011000011000101001110010000
11000010111101110100101110000010
11000010111111001111101011001100
11000011000001011001110010010111
11000011000000011001111111001001
11000011000000001101100010001100
11000011000000110100000100110100
01000011100010010010010001010101
01000011100001010001111000010111
01000011100010000110011001100000
01000011100001110011101111101110
01000011100001110101000000000110
01000011100010000111100101011000
01000011100010011101011011110001
01000011101000000111011001111001
01000011100111010000100111111101
01000011101000100100000111110110
01000011101001011101100010000010
01000011101010000111000001111000
01000011101010110001010110000110
01000011101011100101110011111010
01000011110100000001010100000101
01000011110010001011011000110001
01000011110011010011011001111110
01000011110100101011001101010111
01000011110101100111100011111101
01000011110110101001100010110010
01000011110110000110110101010110
01000011110111110011101100100110
01000011111001001001110110011000
01000011111001111010101100100101
01000011111010100111110110110100
01000011111011101110000100010010
01000011111011111010001011001100
01000011111011001101000000000010
01000011111000111101010000001110
01000011111001010010011001001010
01000011111001000011010101000000
01000011111000100010101111001000
01000011111000101010101010011010
01000011111000100100100000110111
01000011110111110010101000111010
01000011110110000001110111111001
01000011110101000101011100011101
01000011110101011000110011100101
01000011110100000111011011010110
01000011110011110100100001100010
01000011110011110000100011000100
01000011110100010000000101010011
01000011110011101111100101000010
01000011110100001010100001100001
01000011110100011010100111011010
01000011110100000110010000000010
01000011110011110000011110100111
01000011110011011000100000011100
01000011110011011010110010011001
11000001101010110110100101111000
11000010100010101011010110110010
11000010101000010001101110101100
11000010100111001000100010100010
11000010100111010101101000100000
11000010101001010010101110010010
11000010101001111011000110100110
11000010101011110010100101100010
11000010110000100001101010111000
11000010110110010000000000101100
11000010110110011100101101010000
11000010101110111010011111011000
11000010111010011010100101101110
11000010111011011011101101100000
11000010111000010000100100100000
11000010111010100110110011101000
11000010111110111101000111110000
11000011000000111001100000001100
11000011000001000110010111010110
11000011000001111001100010010110
11000011001000001111010000100100
11000011000100101011101110011000
11000011000001011100110111010010
11000011000000100110001010011000
11000011000001001000001111111010
11000011000000111101001101001110
11000010111100000101010010111000
11000011000001111110010101100110
11000010111110001101101110101000
11000011000001001011011000000100
11000010110101100011101111111000
11000010101010000000000011100000
11000010110100010110110101110100
11000010110101001101111100001100
11000010111010001010001101011100
11000010110001111010010111111100
11000010110101110001101111001100
11000010110110110101100101110000
11000010111000000101111111011000
11000010110111110000011110010000
11000010110101001000100010101000
11000010110011010000001000000000
11000010111011100010010100001000
11000010111000110010001110010000
11000010111000011110111000011100
11000010111001101100001000111100
11000010111010001011000101110000
11000010111010110100010010000100
11000010111010111010000101111100
11000010111101010011011100111010
11000010111101011111010010011010
11000010111011010111101111110000
11000010111100110010000101010010
11000010111010011000111100110000
11000010111010010001000000110000
11000010111001101110000100110000
11000010111101111100101110011100
11000010111011000101000110110100
11000010111000010001010010001010
11000010111000011000000010111010
11000010111010100100110001100010
11000010111001000110001001100000
11000010110101101011110111100111
11000010111011101011010101010100
11000011000010001011000000011100
11000011000001111010111010000000
11000011000010010101001000101110
11000011000100010101001010010010
11000011000100001100001001001000
11000011000001111010111100100101
11000011000010111101010000101110
11000011000101000110010100101101
11000011000111011000000101100101
11000011000110100100011110101001
11000011000110111110100111110000
11000011001000100110000110111000
11000011001001000000111110011010
11000011000110001100011011010000
11000011000110100000111011101110
11000011001001100111000001101100
11000011001010111001110110010000
11000011001010110011110000000000
11000011001101110011011111101010
11000011001110001000110111100011
11000011001100011101000111001010
11000011001100010001010100000000
11000011001011110110110100101001
11000011001010001100001000100101
11000011001001010000010001000010
11000011000111110010001010011110
11000011001001010100011011101111
11000011001010000111101011011001
11000011001001100111001110101110
11000011001000001100000001000100
11000011000111100101111100011101
11000011000110100000011100000101
11000011000110011010101000000001
11000011000110111101101101010011
11000010110100100101010111100000
11000010101010001001100010111000
11000010110100110001011110100000
11000010100001011001111000010000
11000010110111010000001110101000
11000010111000101000100000000100
11000010111001010111110010110000
11000011000101010011011001111100
11000011001010011111010110100000
11000011001110010110001001010110
11000011001110110100001010001000
11000011010001101100101010100000
11000011010011001111001110111010
11000011010011010110011101100000
11000011010001001100100111011000
11000011010011101000110011010100
11000011010111101110010001110110
11000011010111111101111101100100
11000011011001000110011011100100
11000011011100000011110110110100
11000011010111100010101010010110
11000011010001000010011111011000
11000011010000011100110001101010
11000011010000010100001000001110
11000011010000101110001110010000
11000011010000001100000010100100
11000011001110101001010001010000
11000011010000001001111111100100
11000011001010000111111011001100
11000011000101110010111111011000
11000011000001111111110101111000
11000011000000111001000101101100
11000010111101110001011101011100
11000010111011111010110110011100
11000011000000101100100011010100
11000010111111101001010010100000
11000011000001110010110011111010
11000011000000010010100101000110
11000011000000101011011110101000
11000011000000011100000000101100
11000011000000000011100101011100
11000010111111111101010100111000
11000011000100010000100001110010
11000011000111011100011001001100
11000011001000101000110111110100
11000011001000110110001001000000
11000011000111100000000000000110
11000011000110101101101101100110
11000011000110010101110010101010
11000010100000011100001001110010
11000010011111001010101101010110
11000010010111100001000101011000
11000010011010010100101101101010
11000010010010100110111100001110
11000010010101000110010100100010
11000010010100011111100110001010
11000010010001111111011101000010
11000001101110011110000001011100
11000001100011011010101110001100
11000001011011111110111011100000
11000001000111110010111001101000
11000001000100011101100001011000
11000000111000101110011010100000
11000001101110000100000100110100
11000001111000110001000000100100
11000001110001000000010001000100
11000001101110000010000111111100
11000001110001000101101110110100
11000010000000000110110000111000
11000001110111010111100001111000
11000010001111101110101100111010
11000010100000111111110100101010
11000010010111110100110011100100
11000010010010111101111000110000
11000010010110010100100000110000
11000010010101100101011011110000
11000010011010001101100010011000
11000010100001011101111000010000
11000010100110001110010011011010
11000010100111100101010110011000
11000010101101110110001101100110
11000010110010101111011011100010
11000010110001111001011001101100
11000010110000000001101111011000
11000010101101001000111111000010
11000010100111111111100110001010
11000010101110001011010111001110
11000010101101001110100101011100
11000010101100001100101100100110
11000010101011010010100110111110
11000010101100110011011101011100
11000010100111010111000011000010
11000010100011010110010101110100
11000010100001000011101001111000
11000010100000110010101000000000
11000010100010000010110001111010
11000010100001101001010000101100
11000010100010010011110111111110
11000010100100111001100101011010
11000010110010101000111111110111
11000010110011110100001010000100
11000010110101010000101111100101
11000010110101000010100100000010
11000010110110101011110100011111
11000010111000110110100010011111
11000011000001011001100110101011
11000010111111100011110010000000
11000011000011100001110110110111
11000011000101011000010001111011
11000011000110011101110001100110
11000011000111100100111001001001
11000011000111100001000011101111
11000011001010110101110011001101
11000011001010011111100101000000
11000011001011001011100111110010
11000011010001011011101101111111
11000011001101111110001000110001
11000011001101111001000001111110
11000011010001000011001000100100
11000011001100000011110011011001
11000011001100111011100101010110
11000011001100111110000010000111
11000011001011100110101110010110
11000011001100101111111100011100
11000011001011011010001000101100
11000011001001100110100111010000
11000011000111100100110000010101
11000011000111110100110001001101
11000011000101001111010111011010
11000011000100110100100011010000
11000011000100010010101011000110
11000011000100110010010001100010
11000011000110000101000010001101
11000011000011000011010001100100
11000011000100011000000110000000
11000011000100100011010001101000
11000011000100100000011111110010
11000011000100100001010011110000
11000011000100001001010110100110
11000011000011100110000010010110
11000011000111001101100111010001
11000011000111001110000110100101
11000011000110100100001001001011
11000011000110110000101011000110
11000011000110001001110111010011
11000010111111101010111011001001
11000011000110011100100111101101
11000011001011001110111100111000
11000011001110100110001001000010
11000011001100001000010001100110
11000011001011010111001100000101
11000011001011001111101001101011
11000011001010000010000001111101
11000011001001011001110111000011
11000011000001000001000000010001
11000011000000111111011100100000
11000011001000000110010110110010
11000011001001010000110101000000
11000011001000001110010110110101
11000011000111110111000000010001
11000011000101101110010101001100
11000011001110100110000101101101
11000011010101010110000101110101
11000011010101011101000000110111
11000011010110000001010010000110
11000011011001010010111010000000
11000011010111001011111000000111
11000011010110111011111101010011
11000011011010011000001001010110
11000011111100101110111011101000
11000011100000100110001000001101
11000011100010101100000001111010
11000011100011110111101000011100
11000011100100010001100100011100
11000011100101000010000100100001
11000011100100100100000011001100
11000011100110001101110111100011
11000011100110001001000010111000
11000011100111101110100100010101
11000011100111111100111100101011
11000011100110111101110010010101
11000011100111010001100010011010
11000011100110100100101100111011
11000011100100110011010000000111
11000011100100100111011101011111
11000011100011011111100101111010
11000011100011010011100100101100
11000011100011110110110010001101
11000011100100001011000001101111
11000011100001100011011111011001
11000011100001110010110001000111
11000011100001000001110100001001
11000011100001000101110110111110
11000011100000001000100000101101
11000011100000011101001100100000
11000011100000100000110000100011
11000010100011011001110000100111
11000010011111111010000111110101
11000010010110000111110100001100
11000010011011111100000111101010
11000010010110000111100011101010
11000010010010011010110101001111
11000010010000001000010001111111
11000010100000001111110010110011
11000010011100000111001011000001
11000010011001100101000110001111
11000010100000011011111000011010
11000010011101001100000111010100
11000010011011000111011011010110
11000010011101110010000111111001
11000010100111110110010011101110
11000010101010001011110110011110
11000010101010000011111111110001
11000010101001101000000111011100
11000010101010011000110010001111
11000010101011100011100110110001
11000010101010011000100001000000
11000010110000101110101011000110
11000010110011111000010011110010
11000010111001100100010000000000
11000010111010011101100010110000
11000010111101111101000111010111
11000011000000000101001011010000
11000010111001010101001001101010
11000010111001001010011011111001
11000011000100100000010111011100
11000010111110000111101110111101
11000010111110001001010000001111
11000010111101111010110100111000
11000011000000010111111111010111
11000010111110111110110101111101
11000010111011001100111001110100
11000010110101011101110110101001
11000010110110010000110011010100
11000010110101011000001011110101
11000011001000011111101011000011
11000010110110101001100110100011
11000010110110101110100100001100
11000010110011101110010001100001
11000010110101000000111000110101
11000010110011001010001110111011
11000010110001001110010011010101
11000010110000001101110001110000
11000010110000001110010111000111
11000010110010010101011101011101
11000010100011010110001001110111
11000010101000100000000001100110
11000010101010010010010110010100
11000010101011000111111101111111
11000010101101001011000001000010
11000010101111000100111000111010
11000010110001010110000101110000
11000010110101110000111111111000
11000010111010011010110000100100
11000010111011111000011110011111
11000010111101101011000010111111
11000010111110000100010011011000
11000011000000001000100011111101
11000011000000011000000010010010
11000011000000111011001000011101
11000011000001010010111001111111
11000011000010001100100111111100
11000011000011101011001110011001
11000011000010010011010110111110
11000011000101010110000010000110
11000011000101001011000110111001
11000011000010110000110110010100
11000011000010011000011100010001
11000011000001001101110001001000
11000011000000000111110101101100
11000010111110111011011001101000
11000010111110010011101100111111
11000010111011010110101100010111
11000010111100000100101000111110
11000010110111100011000101011111
11000010110110011011010001011101
11000010110100100011010000000110
11000010110011110111011000011101
11000010110101001100101110110000
11000010110101000011101000011111
11000010110010001000100110001100
11000010110100101101011001001111
11000010110111110000011110101110
11000010110110001000000101111110
11000010111101001100000110011100
11000010110101010100101000010010
11000010110101100101001110110001
11000010111001001010100000100110
11000010111000110100001110010101
11000010111011100010010101110001
11000010111011101011001010111011
11000010111011110100111000010110
11000010111010110110100011101001
11000010111010010000110110001100
01000001100111101011100001011100
01000000100110000010100111100010
01000001011100011100001011011100
01000001100100101011100000110000
01000001101101011001110101110100
01000010010000000100111010101001
01000001100111000010011110011110
01000001010001100000001000110100
01000001000110100100001100011000
01000000111100110110101101001000
01000000101100011111011101010000
01000000100110001101110111010000
01000000100010010100111100010000
00111111011010010010110111000000
11000000000011100011011110110000
10111111110001010110011001100000
00111111111101001101110001100001
11000000000010010010111011100000
00111110111101111010000000001000
00111111001001111100110111000010
11000000011001011100101101000000
11000001101010110000100010001000
11000001000001111010000110110000
11000001000011100000000000010100
11000001010111110100011011000010
11000001010001001001100101110100
11000001101000110111110001110001
11000001100011101111110000110001
11000001101010001000101100010101
11000001011111101111100001101110
11000001011000110000010110111100
11000001001001000010100011011110
11000000110111100001011110001000
11000000110111000111101001100000
11000001000011101001011010000000
11000000010111011001101011100000
01000000000111100100011101100100
01000000010110011001110011000100
01000000000111101111001000010100
00111111101010000000000100001000
10111111000011000101001110000000
00111111000000110011110111010000
01000000001011011011110100010100
00111111101110001111010001001000
10111111011011110100000000000000
00111110000001010010000101000000
00111111100000011100001001001000
00111110001111110110011000100000
01000000011101110110000001110100
01000010111010101110010011000000
01000010111110100000111101000101
01000011000000111111100110100101
01000010111111011011000110011001
01000011000001011011111000001001
01000011000011001000100110110001
01000011000010011001100011101101
01000011000010011001010111101011
01000011000000010001011110101101
01000011000101010010101110111010
01000011000100010001000000111111
01000011000100100111001110011001
01000011000100111110011110111110
01000011000100111110101000110001
01000011000100101110110100001100
01000011000101100111001100101011
01000011001001010001101111110000
01000011001001110100111000001010
01000011001011111100111101011101
01000011001011011110001001111010
01000011001101010111001010011111
01000011001010110100000001101000
01000011001010011100010000101001
01000011001010010010110011110101
01000011001100011100101110100110
01000011001001111011010110011011
01000011000111011111110001110000
01000011001001111011010000111011
01000011001010000101010100101000
01000011001001110111000110011000
01000011000010101010000101100011
01000011001001111100110110000011
01000011001011000101100111011010
01000011001001010100110010010110
01000011001001100011110000101100
01000011001011010011111001100100
01000011001100101011001100000000
01000011001011001000001010000111
01000011001011101011111011010001
01000011001100110110000011000101
01000011001001110011101100011001
01000011001001001101100000010101
01000011001011110010001001011110
01000011001011000001110110000001
01000011001001011011000110000100
01000011001111101101100110100010
01000011001010111010000101011011
01000011001010110101001001110100
01000011001010101110111100110001
11000001010110000111011010011000
11000001110101010001100111111100
11000001110100010100111010000100
11000001111000000000101001111100
11000001111110000010011010101100
11000010000001011010010001101100
11000010000001100110010010101010
11000001111111010000110011100100
11000010010100010010110001100100
11000010011011101111001000010000
11000010010010011111011010010100
11000010010100100001010010000000
11000010001111000011001011010110
11000010011011000010000010100000
11000010001101101111011001000000
11000010001101011010000001110000
11000010011011111010101000001000
11000010011010101011111001000000
11000010010110101110010000001100
11000010100000110011101000111010
11000010100010101101010111111000
11000010011110110100101011111000
11000010010000000100010000101100
11000010001111011111001000110000
11000010010010100101100110001100
11000010001011011000011110001100
11000010001000011111001000111100
11000010001111100100101011011100
11000010001111010000010001111100
11000010000110010000100011100000
11000001111110011000110011010000
11000001111101100111100110000000
11000001111000001100110100101000
11000001110101100000010000100000
11000001111110001110000110010000
11000001111100010101101110111000
11000010000010101001100100010100
11000010000001111101100010111100
11000010000011001111110000011000
11000010000001110111001001110100
11000001111011011110000010100000
11000001111011000101001101110000
11000010000100010110001101001100
11000010000011000011101100100100
11000010001001010110010101000100
11000010001100000101011010110100
11000010001101001111100101110000
11000010001001000010010111101100
11000010000110110001111101101100
11000001100110011110001101101010
11000001001100011001000001000000
11000000101001101010110100101000
11000000100001001111010011001000
11000000100000010101100111100000
10111111100011011001111101000000
01000000001001011110001101100000
01000001000111100001000000000000
01000001001000100111000010000000
01000001001110100100100111011000
01000001001101101111010011010000
01000000101100000010010001101000
01000001010001111011010110001000
01000001000100000100110000110010
00111111000101001011111100000000
11000000001011100111001111110000
10111111101101110000000010100000
10111110111111100111000110000000
10111111011000001011001000000000
10111110101010000011000110000000
11000000100110000010011100000000
11000001101100100001000011100000
11000001101100110011010101000010
11000001111111001011010011110100
11000001111110001011111110011010
11000010000011111011110001001111
11000010001000110110010001110110
11000010000101000010001000101111
11000010000000100010011100110000
11000010001101110010001101011011
11000010010100110010111110100100
11000010100111100100000110101111
11000010010111100111100111000000
11000010010000101100010010000100
11000010000110100001010011100010
11000010001010111011100000100000
11000010000010110100100100001010
11000010000001110001110001001100
11000001111111001100001000101100
11000010000001110000001000100100
11000010000001111001101010111000
11000010000110000110010100000100
11000001101000100110010010010010
11000001101110110101001001101010
11000001101111001110001011100010
11000001101010110000010111001000
11000001110000011011111101100010
11000001110000101100110110001100
11000001101110001011101001110110
11000001101000110000101010010100
11000001100011011111110001101111
11000001100110110101111001110000
11000001010000010010111000111100
11000001001110100010100101011000
11000001011101001110010011011000
11000001010011001000010111011110
11000000101111101100111101100000
01000000000110010001001101000100
00111111111101000010110000101000
00111111000000010111110011010000
01000000011001000010111110011000
01000001000011100101100010101110
01000000100001010111010010101100
11000001010001000101010001111000
11000001001001101011110111110000
11000001000000110001011100011100
11000000110101111000010001010000
11000001000110110001000011000000
11000001010111011110111001000100
11000000001001110100101010110000
11000000010001010100100111001000
11000001110001010011011000111110
11000001100101000000101100101100
11000001101010011101111110011110
11000001110111001110101100110100
11000001110011011001010100101100
11000001110101101010100011011110
11000001110010101001100011010110
11000010000101010011001000100011
11000010001010100001011110010010
11000010001011000011110011001001
11000010001101110011111110000100
11000010001110111001111111101110
11000010000100001011000110010011
11000010001000000101110110001111
11000001111010101011000000000110
11000010000010000011111111101010
11000010000001101000000011010101
11000001111111000000001110110010
11000010000100100011000000001100
11000010000101100101101111101100
11000001110000100010000100010111
11000001101101110100101010011010
11000001110001000111011011101100
11000001101111101110000110100000
11000001101100010010111110011111
11000001110101101100011011000100
11000001101101110100110010011000
01000001100100000001110111011010
01000010001101110101010100000010
01000010000111111111110001000100
01000010001001100000000111010100
01000010001000100000010001111110
01000010000110010111011101000010
01000010001001110000110000010000
01000001111011001110011001011100
01000001111110000010100001010000
01000010000010101010000001101010
01000010000000110111011000001110
01000001111011001101010110011000
01000010001111111000000001110110
01000010000101000001100101101110
01000010000111001001111100101010
01000010011011100111100110101110
01000010001000111001000111011010
01000010001001101010001101000010
01000010001001101000101101101110
01000010010110010101010011111100
01000010011001000010000011100010
01000010011011111111011100001010
01000001100101100000011001100000
01000010011001101110001010000010
01000010100000111100010001011100
01000010100000000110001011011100
01000010100001001011001100011100
01000010011100000010101110101100
01000010100110100100011011000101
01000010011011001001010111101110
01000010100110001111011101011110
01000010100110110100011111101001
01000010100111001000000100010100
01000010100101000001010011011101
01000010100100010010111000101110
01000010100010000100100111010001
01000010011111110101010101011110
01000010100100101010101000010010
01000010100011111010100011001111
01000010100011001000001101111010
01000010100010100000010000100100
01000010100010001011100000001001
01000010011101010010001011001110
01000010011011000010010110101110
01000010011100001010111001000100
01000010011110011001101010100000
01000010100001001000010110100101
01000010011011111110000111000110
01000010011111010111000010001100
00111111001101100100000010100000
11000001100101101011001111011010
11000001100010000101010011101000
11000001100000000001101110010011
11000001011111101110001101100110
11000001100100000111010000010001
11000001100101111011100010011111
11000001001101100101001001111100
11000001000000010001000101110100
11000001000001010111001010000100
11000000111010011110000101011000
11000000100110001100011110011000
11000000101001111110111001100000
11000000110001111111000101010000
11000001010110010010000000101100
11000000011000111111001010000000
11000001001000100101101000100100
11000001001011111111101100101100
11000001001010110011100100001100
11000001011010000010001111011100
11000001001101001111111011001100
11000001101101001001111010101010
11000001101110000001010101101100
11000001100111000011100000111000
11000001101000100101100000000110
11000001101010010000010110001010
11000001011101011100011111011000
11000001100001011000110001010000
11000001110000010100111110101110
11000001111100001111001110011000
11000001111001110100000100111100
11000001111010111001001001100010
11000010000001110110001111100100
11000001111111011110101001100110
11000001111000011000011110001100
11000001110001001110110011000000
01000000010001110011110011010100
11000010001100110100010100111000
11000001111000101000011101100110
11000001111011010000100001100000
11000001110111100100101011101000
11000001111000000000101000010110
11000010000101111100111000010011
11000001101000110010011000111110
11000001101010001110010010100100
11000001101001111001110100011100
11000001101110100111011110100000
11000001101101010000101111001110
11000001101001110100011011101100
11000010100001110110001010010100
11000010011000000101100001100011
11000010001001100101010100010110
11000010001010101101101111111111
11000010000110000110001010101100
11000010000101101101110001100101
11000010000001010110100101010100
11000001011111011101001010111001
11000000111010010010011011010010
11000000101001111001101010111000
10111110110011000100100101100000
00111111011110100001101100110000
01000000100001110010011101110000
01000001000001010110110011001010
11000001101001010010111101101010
11000001101110100111110011001011
11000001101111010111011011010110
11000001101010110010001001111111
11000001101111010010010101000011
11000001110101100111010110111110
11000010000000101011011000011111
11000010010111001101011001010000
11000010011110100011100100001110
11000010100010101101100000101001
11000010100101011110101011100000
11000010101001000110110010010000
11000010101010011110011001100101
11000010101011110111101111001010
11000010101010011010000111111101
11000010110101111100010000000000
11000010111010111011000001010101
11000010111100011010101101101000
11000010111111000010111011101101
11000010111110111011001010100011
11000010111001111101101101001101
11000010111000010100101011001011
11000010110101110010101000100101
11000010110010110000110010100000
11000010110010100100001000010001
11000010110001001110010011101011
11000010110010000000000110111000
11000010110011100110011111101100
11000010100110111111111011011100
11000010100100011101111010100111
11000010100101010011100111011001
11000010100100100110100111011101
11000010100100111001100110110110
11000010100101110101111100110111
11000010100101111100110010110111
01000000110110011101000011110010
01000000000001100101000111010100
01000000010011000111011001000100
01000001001011000001100000000010
01000000100101011011100001110100
01000000100100111011011110110100
00111111000101011110010010100000
01000000111001101111000100001000
00111110111101001011110101000000
01000001011000000101000110111100
01000001001111100000100100100100
01000001110000001110011000000110
01000001100001100110100110101010
01000000101100011101111101001000
01000000010110011011110000110000
01000001100001010000010001010010
01000001100111011110101100100110
01000001100101011001010100001010
01000001101000111001010110101010
01000001001001000101000010011100
01000001010111111111010010111100
01000001100110000010100001011010
01000001010101110001010010000100
01000001011010011101010011111010
01000001100010000001000100000101
01000001011001101011000000011010
01000001010010111101001110001010
01000001101101101100001000001001
01000001010101101011000011000010
01000001010101101010011111010000
01000001001011000000111111000000
01000001001010111111011001000100
01000001001011010100110011101100
01000000010101001011111110110010
01000000111010010011000110100000
01000001001100110001110001010000
01000001010010001011101110101000
01000001001011111010001111000000
01000000101010101011110100100010
01000001000000010010011100100001
01000000111001001101101001000010
01000000111111001100111000000000
01000001001011111011011100010001
01000001001011011000100011000010
01000001000111010100100011110010
01000001001111011100101000010010
01000001001000011000110111000010
01000001000111110110101111011010
01000001000011011001110101101010
