00101101000000101110111001010011
00101101000100101110001101011011
00101101001001001111000001001110
00101101001001001111000001001110
00101101000011101101100110000110
00101101001101000001101000001010
00101101011000100111000001111011
00101101011000100111000001111011
00101101010111010111111001001101
00101101001011100101001110101110
00101101001111011010001110111101
00101101100111011001111000011101
00101101100111011001111000011101
00101101001100110100110011001000
00101101001111001000001100101000
00101101100000011100111011011001
00101101010010010011010011000000
00101101010010010011010011000000
00101101100111011111000110110010
00101101000011101000101001000010
00101101001011101101100000011001
00101101010011001111011101110001
00101101010011001111011101110001
00101101010101001110110011010000
00101101100000011101000001111110
00101101100001010101000010101011
00101101011100100011011110101101
00101101011000001000000011001000
00101101010110100010000010010001
00101101010000111111111000111000
00101101010000111111111000111000
00101101001110100000001101001011
00101101001000101000110111001011
00101101000100001010010111000011
00101101000000001100110001111011
00101100111001011101011110010011
00101100111001011101011110010011
00101101000100101111111101111011
00101101000100101111111101111011
00101101000001111010100010100100
00101101010000010011101101011100
00101101011000100111000001111011
00101101011000100111000001111011
00101101001111110100001100111101
00101101000111001100011011001011
00101101001001000111011100011110
00101101011000000001111011101101
00101101011000000001111011101101
00101101001000000010100100110111
00101100111010000011101010011111
00101101000000001000100001011101
00101101000100111110000011101101
00101101000011011001011011000010
00101100101010101000010001010110
00101101000000011111001000011111
00101101000010000001111001111010
00101100111110111110011111001011
00101100101101100100100010110010
00101100110100111100111111101010
00101101001011000011001001000000
00101101010011000100110111000000
00101101001010100110001110100100
00101101010110110011001001001011
00101101001100111111111101101111
00101101001111011100111011010011
00101101001110100000001101001011
00101101001111100001100100101010
00101101001000100011101011100011
00101100111111110101011001100110
00101100111101000010011000110100
00101100101000101001010110011010
00101100110111100010100000100010
00101101000000011011110110100110
00101101000000011011110110100110
00101101001100000110001111101110
00101101001100000110001111101110
00101101010011011011110100100001
00101101010100000001000001100000
00101101001110100010101101001100
00101100101111001100010001011010
00101101000001111011001101100010
00101101000101001011100010011111
00101101000100000100010010111011
00101100100011001101110000101010
00101100011000101011001110100000
00101100010110000001001100100010
00101100001111010100011111111110
00101100010001110000100100101010
00101100010011001001111011110011
00101100010111010010001100001110
00101100010111010010001100001110
00101100010010111001010110000001
00101100010101111001010111100010
00101100011000111100011011111101
00101100110100100000011111000100
00101100111100001001010110101101
00101100111100001001010110101101
00101100101110111111101111011110
00101100111110111010100010110101
00101101000110110110100000100100
00101101010010001000100011100000
00101101010100100101101010001110
00101101010000000010100001011000
00101100111000110101101100010101
00101100010101001100100010111001
00101100111110001001101100011110
00101101000111010100101001001100
00101101000111010100101001001100
00101101000100000001000001101010
00101101001100000110001111101110
00101101001100000110001111101110
00101101000101101000100000010100
00101100111010110111011010110011
00101100100110001011000011000101
00101100001100100100110001111111
00101100000101111010001110011001
00101100010000110110111100000000
00101100011011111111011010001100
00101100011011111111011010001100
00101100011000101011001110100000
00101100010011100101100100000111
00101100010011011100001111111000
00101100011110110100110111100101
00101100100100001111101001111011
00101100100010001110011011010010
00101100011010001000011100010010
00101100010111010011010110010100
00101100010101111001010111100010
00101100011010101111101011001100
00101100011110101100101001110111
00101100010111111000001000101110
00101100001001101010011110000100
00101100001000011001111001101110
00101100100001011110000001010100
00101100110000101000001110110010
00101101000011000010110011011010
00101101001000110101001010101001
00101101001000110101001010101001
00101100110111110111011001100011
00101100000001001111011000010001
00101100111110001001101100011110
00101101001010111011010011111111
00101101010000101101101100110100
00101101010000101101101100110100
00101101010100110101111100000000
00101101010010100101010011110110
00101100110100101111111101100110
00101100101001000101011001011011
00101100000111010110011101010010
00101100100101011100010110001001
00101100100101111101001011110100
00101100100101111101001011110100
00101100011010110010101100000111
00101100010101110110111100101101
00101100010111110110000111101101
00101100010111110110000111101101
00101100010011011100001111111000
00101100100000001011001001101111
00101100100011010000100010110011
00101100100010011010010110010000
00101100100100110011011001011111
00101100100100110011011001011111
00101100001111111100010100101001
00101100011000101101011101001100
00101100011111010101100001011100
00101100100010101101000110110100
00101100100100110000100001011101
00101100100100110000100001011101
00101100001110010100100010010100
00101100100011010100110000000000
00101100110101110100100000010001
00101101001110111000101010110010
00101101001110111000101010110010
00101100111110010101100101000011
00101100001110101110111011101010
00101101000000000011111001111110
00101101000111011000011011011100
00101101010000101101101100110100
00101101010000101101101100110100
00101101001101110110100010000100
00101101001010110111010111001101
00101100111000010001011100100100
00101100111111011101111100010101
00101101000001000010010110110011
00101100111101101010010101110100
00101100111000001101101001100000
00101100111011110010000000011000
00101100101100010110111000111111
00101100010101110110111100101101
00101100010111110110000111101101
00101100010111110110000111101101
00101100010011001001101111100101
00101100100000001011001001101111
00101100100011010000100010110011
00101100100010011010010110010000
00101100100100110011011001011111
00101100100100110011011001011111
00101100001111111100010100101001
00101100011000101101011101001100
00101100100111010001010010101010
00101100110111001001101011100101
00101100110111001001101011100101
00101100111000110011111111101011
00101100111110100101101100010001
00101100111110100101101100010001
00101100110110101011001101010001
00101101000011101101100110010011
00101101001000001111101011000110
00101101000101001110100010101011
00101100100000000000001111001110
00101100111010110011000111001110
00101101000011100010010001010100
00101101001011011100110001111101
00101101001111101110011100000010
00101101010000011010111101100101
00101101010000011010111101100101
00101101001100100111110100111100
00101101011101111001100011001011
00101101100101001001110010111000
00101101100101001001110010111000
00101101010001001001010001000110
00101101000110010111111000010110
00101100111011011011111110111010
00101100011111101111111111010010
00101100000100110000010111010111
00101100001100011010101010100100
00101100010111010010100001111111
00101100011100011011111111001101
00101100011101011110110100100100
00101100011110010110000001010011
00101100011100000110110011011101
00101100001100100100110101000010
00101100000100100011110001010001
00101100010100100100010011001100
00101100111000110000011011011000
00101101001110110101100000010001
00101101001110110101100000010001
00101101100001100101011010001100
00101101100100000101100001101101
00101101100000100001010010111111
00101101001111011100010110011001
00101101000111111001111111111100
00101101001101100000001011100000
00101101001101100000001011100000
00101100110101000111001111111000
00101100110110111110100101110010
00101100110110111110100101110010
00101101000100100111110111111001
00101101001101001000010011111011
00101101010100110011100011100010
00101101011001110100010101100001
00101101100001011100000111001110
00101101100001011100000111001110
00101101100101001001110010111000
00101101100101001001110010111000
00101101010001001001010001000110
00101101000110010111111000010110
00101100111110011011001110000111
00101100101111100010011100000001
00101100010100111101100110110101
00101100010001001000101011111011
00101100011100111101011001101010
00101100011101111011111010100100
00101100011111100001000101011000
00101100100000011101100111011000
00101100100000011101100111011000
00101100010110010010011001101010
00101100001001110000110111001000
00101100101001010111011110011010
00101100111011010101101000101001
00101101001110110101100000010001
00101101001110110101100000010001
00101101100001100101011010001100
00101101100100000101100001101101
00101101100010001101010111101011
00101101100010001101010111101011
00101101011100110000100110101111
00101101010010000100000111010101
00101101010010000100000111010101
00101101000011010001100011110101
00101100110110111110100101110010
00101100110110111110100101110010
00101101000000100101110100100101
00101101001101110100010011101010
00101101001111010001000111101001
00101101100001000010001100000110
00101101100001011100000111001110
00101101100001011100000111001110
00101101100101011100000001100001
00101101100011001100100111011111
00101101001101101110010000001000
00101101000100110000001111010111
00101101000011011011000010100110
00101101000001000110001100111100
00101100100000010111010100001010
00101100010100100100110011010001
00101100011100111101011001101010
00101100011101011001111000000000
00101100011100010101100000101010
00101100100000011101100111011000
00101100100000011101100111011000
00101100010110010010011001101010
00101100010100001101110001111100
00101100111010101111000101101100
00101101000001101110110000101011
00101101000001101110110000101011
00101101000111011111100101101100
00101101011110100001110001100011
00101101100101101000001111110100
00101101100101001010100001111101
00101101100010001101010111101011
00101101011100110000100110101111
00101101010100000000101101101101
00101101011000101011100001110111
00101101011000101011100001110111
00101100100001000000111001101111
00101100100010001010100011010001
00101101000110001100010001100101
00101101010101011100110000011010
00101101010010010011110101110000
00101101010011101110110101110100
00101101011100111010100110001001
00101101011100100011000001110010
00101101010101111111010000111001
00101101001110110101100001101001
00101101000111101111010111011001
00101101000101111000111010110101
00101101000011111100100000001100
00101101000011110011010111101011
00101100101101111010100000110101
00101100010100100100110011010001
00101100011001011110100000100001
00101100011010100001010111111110
00101100011011010010011000010000
00101100011100000111111101101010
00101100011101110100101001101011
00101100011100110000000111111110
00101100100010000111101110001110
00101101000011010010111100110010
00101101000100010111101011101010
00101101000100010001111101010010
00101101000110011011000110100100
00101101001011000101010100000100
00101101010011101010001011011001
00101101011010001111100011101110
00101101011100111010000001101011
00101101011001000010101110010011
00101101010100000000101101101101
00101101100000110010010001000100
00101101100000110010010001000100
00101100111111100010010010001101
00101100101110110001100100101100
00101101001111101100100111100100
00101101010101010011001101011010
00101101010001110000101100101001
00101101001111001101110011100001
00101101011010011000111101010101
00101101011001010101111001111001
00101101001110011111010110000100
00101101001011011110111111100110
00101101001000110010101100010101
00101101000111111010111101111111
00101101000101101011011011010110
00101101000100001011010000111011
00101101000000010000101010110110
00101101000011010110010100101001
00101101000011010110010100101001
00101100111101101100011000100110
00101100110010010010001100001001
00101100111011110011111011110011
00101101000001001010101011101110
00101101000010001100010001001110
00101101000000011100001111000100
00101101000101001110001010010000
00101101000101001110001010010000
00101101000110001001101010000001
00101101001000101101011010010111
00101101001001100100110101110110
00101101001110000010010100101011
00101101010100111111000110111101
00101101011000010101110011011101
00101101010100101001101001110101
00101101010001110011010010001100
00101101100011111101001101111011
00101101100101001010110100011111
00101101010000010100101011110111
00101101000100001010111001011011
00101101001111101100100111100100
00101101011010010000000101010101
00101101011010010000000101010101
00101101001111001101110011100001
00101101011010011000111101010101
00101101011001010101111001111001
00101101001101001101011111010100
00101101001011000000111000011110
00101101001011000000111000011110
00101101000111111010111101111111
00101101000101101011011011010110
00101101001100110011000111111000
00101101010011101000101111011100
00101101010000000101001111111100
00101101001000000110111011110011
00101101011011000100110011101001
00101101011110111001100111011001
00101101011110000111001001100001
00101101010000000010101111001110
00101101010010001000111111000011
00101101011011000000001010011001
00101101011001100010110110000011
00101101001101111000000011100100
00101101000111001000000100101110
00101101001000101101011010010111
00101101001000101101011010010111
00101101001000111110011101000100
00101101010011001111110010001100
00101101011001100100100010001110
00101101010111000010111100010000
00101101001110100010110000110010
00101101100010010010101011111101
00101101100101001010110100011111
00101101001110001000110000011100
00101101000100001010111001011011
00101101001001000011110001010100
00101101011010010000000101010101
00101101011010010000000101010101
00101101100010010110100000011111
00101101100010010110100000011111
00101101011101100111101010011111
00101101001001010000111100111100
00101101001010010111000011111011
00101101001010010111000011111011
00101101001001111110111000100001
00101101001000111100110101111101
00101101001111100000110000001000
00101101010101000100010110010011
00101101010001111110101011111011
00101101010011000011010001111100
00101101011011000100110011101001
00101101011110111001100111011001
00101101011110000111001001100001
00101101010010100100010001011011
00101101010110110001010111100110
00101101011100000110010110101010
00101101011001000111010110111010
00101101001000100111011000100010
00101101000111001111111100110001
00101101001000100001000110001101
00101101001000100001000110001101
00101101000111101101100001011111
00101101010101000000000011100111
00101101011101111111011000001011
00101101011100100001100110111100
00101101001100101110000010110001
00101101010100110101010100101110
00101101011010001111111100100101
00101101001001111010111100111110
00101100111000101011001111101011
00101100100100001000000110111000
00101101001101010110011010111001
00101101010001001100000110111011
00101101010111111000011110100111
00101101100000001101110100011100
00101101100000001000111100110011
00101101001100101101000011010111
00101101000110010100111001001010
00101101000111010101000000001110
00101101000111010101000000001110
00101101000110010100000100110011
00101101000101011110010000101000
00101101000101111010101001101000
00101101000010111001101000101101
00101101001100010101101110100010
00101101011100011011111100001001
00101101011101100010011000001110
00101101011100110111000010001001
00101101010010010010101111111011
00101101000011010001101101110001
00101101000111001010111101100100
00101101000111001010111101100100
00101101000110011000100010011100
00101101000110111001001000100110
00101101000110111001001000100110
00101101000110011111001110110111
00101101000111101111001100001101
00101101011011001110011110001011
00101101100000101111011100011101
00101101011101001001001101100010
00101101001101101100001001001111
00101101001101011110011001110110
00101101000101100111000111000011
00101100111011001100100001001001
00101100110101011001011111111101
00101100100000011011000010110000
00101101001010001110010000010000
00101101010011011101100111101001
00101101100000001110011100110100
00101101100100010000000000000100
00101101100100010000000000000100
00101101011000001101110101111000
00101101010110011010001100111110
00101101010110010000011011100110
00101101000111010000001100010010
00101101000110010100000100110011
00101101000101011111110010110111
00101101000010010010001100010110
00101101000000101111100100010110
00101101001100010101101110100010
00101101011100011011111100001001
00101101011101100010011000001110
00101101011100110111000010001001
00101101010010010010101111111011
00101101000011010001101101110001
00101101000001001001011111101010
00101101000100100011000010011010
00101101000101110100111010111111
00101101000110001011001111111000
00101101010000111010100010110010
00101101011000000110010111001000
00101101010011110011110011011100
00101101100001101001111000100110
00101101100010111111111000100110
00101101100001111100010011111001
00101101011000011001011100001111
00101101001111111111000111011111
00101101000100011100111000101010
00101101000000000100011101011011
00101100111111100011011100110110
00101100101010110010011011010100
00101100111011011001010101010010
00101101010000001010110101101011
00101101100000100001101000000000
00101101100010100101110011100110
00101101100010010000011110110011
00101101011110011101101110101011
00101101011110111001101110100011
00101101100000110111101111100011
00101101100000000101000110000010
00101101100001111000010100111000
00101101100001100011111010000111
00101101100001000111001100111111
00101101001100001110110101101111
00101101001010100101011101110000
00101101001101110001001100100001
00101101001110000101000101101101
00101101001101001110110110010011
00101101001000110010010001010011
00101101000100101001100010000101
00101101011011001000001101101110
00101101100001100010000100011011
00101101100000101010000110010100
00101101100001110110011010001100
00101101100001110110011010001100
00101101011111011010011000000010
00101101011101001100100101101000
00101101100110101011000001100000
00101101100110101011000001100000
00101101100001111111001010111111
00101101011010001001010110101001
00101101010011010111101011011011
00101101001100010101010010100110
00101101000011010110000011011001
00101100111111100011011100110110
00101100110000101101110010100011
00101100101001101010100001101011
00101101000100011110010011111110
00101101100000000101110110011011
00101101100010100101110011100110
00101101100001111001011101010100
00101101100000100010100110101101
00101101101000011011001111010000
00101101110000001000101110101001
00101101111101010100000000000110
00101101111110101001101000110011
00101101111100110000111000101000
00101101110100000110010001010010
00101101001110101000101010111010
00101101001001111100010111100111
00101101001010110110100111010011
00101101001011111011010011001001
00101101001011001101111111001000
00101101000111111001101010100000
00101101001000110011111111110000
00101101101110101000010001100000
00101101110100100100110111000010
00101101111001001111010111101110
00101101111101110010100001000100
00101101111101110010100001000100
00101101100111011000011010010000
00101101100011000001001010100010
00101101100110101011000001100000
00101101100110101011000001100000
00101101100001101000000100100100
00101101011010001001010110101001
00101101010011010111101011011011
00101101010001110011010001100111
00101101000011010110000011011001
00101100111110110001010110010010
00101100110000101101110010100011
00101100101010000000010101111010
00101100110001000111110111100011
00101101010100111000010011001010
00101101011101011111110101110010
00101101011101011111110101110010
00101101100000100010100110101101
00101101101000011011001111010000
00101101110000001000101110101001
00101101111101010100000000000110
00101101111110101001101000110011
00101101111100110000111000101000
00101101110100000110010001010010
00101101010101111011010000111001
00101101001111101100000010011001
00101101001111101100000010011001
00101101001001000110000101011110
00101101001011100010000111001010
00101101010000101001110100001111
00101101010010001110111011011010
00101101101110101000010001100000
00101101111000011000101101011011
00101101111001001111010111101110
00101101111101110010100001000100
00101101111101110010100001000100
00101101100111011000011010010000
00101101100011000001001010100010
00101101100000111010001110001101
00101101011110101100100001110111
00101101011010011000111001010100
00101101010100100000101011010101
00101101010100100000101011010101
00101101010011110101101100100111
00101100110100000111010011111101
00101100110100011110011101101111
00101100110001110111111000100001
00101100101011010101001101101010
00101100101000101010110100110101
00101101000111010010100101001000
00101101010100001010010110101010
00101101010110100001100101011101
00101101011001000001000000101111
00101101010110010001101111000100
00101101101001110101011110110001
00101101110000110101101010010101
00101101111010010101101111010010
00101101110111011011011100111100
00101101110001110001001100000110
00101101010110100001101111110000
00101101001101001101011110111010
00101101001101001101011110111010
00101101000110110001101010110010
00101101000110111110101001000000
00101101001100100001110110001101
00101101010010001110111011011010
00101101100110010000111000101100
00101101111000011000101101011011
00101101111000011000101101011011
00101101110100110010000010100001
00101101101110111100111010001110
00101101011101010001100100100010
00101101011101010001100100100010
00101101011100100000011010110001
00101101011011011100101101101011
00101101010100000000001110010101
00101101010100000000001110010101
00101101010010010011110001111001
00101101010011110101101100100111
00101101001001110010110111001101
00101101010011010001111011011001
00101101010100110100110010000010
00101101010011111011111010011111
00101101001110011001001010111001
00101101000001000100111111011110
00101101000101010111011011001010
00101101000101010111011011001010
00101101001000000111000111100100
00101101001010010011101011001101
00101101001111001010001111011000
00101101101010000000000000011100
00101101101010000000000000011100
00101101010110111100010010000000
00101101001110000011110110111101
00101101000100011111010111100001
00101100110101001101011001010010
00101101000010110001010010110011
00101101000101110100110100001010
00101101000100110011010000000110
00101100111000110110010011001011
00101101001001011011011101010010
00101101001100110011111110111010
00101101001101110110010110101111
00101101100111001011010101101000
00101101100111010010010111000010
00101101011111111010111010000000
00101101001011111111010011010110
00101101001011001011001110000111
00101101001111111100111011001101
00101101010000011100110110101101
00101101000100110101100101101000
00101101001010001001001111101010
00101101001010001001001111101010
00101101000100010111001100101111
00101101001001110010110111001101
00101101010110001111111110011111
00101101011110001010111011010000
00101101011110001010111011010000
00101101011011111111110110000111
00101101100000010110000110101011
00101101010101111110010110101100
00101101000001011001001110000100
00101101000101100000000001010101
00101101000101111010011011110001
00101101010010010110111001011111
00101101010010010110111001011111
00101101000110101101100010000100
00101101000001001010011001111100
00101100111011001100111110110001
00101100110001000101010110010000
00101100110000111100101011111100
00101100111011010100100110011111
00101101000000011011100110100000
00101100111111000000011110001010
00101100110010111011100010110010
00101100101110000000101110011011
00101100111000010100000101011111
00101101000001000011111111100100
00101101000001001111010111011101
00101101001100111101100110000010
00101101001100111101100110000010
00101101000100011110110011111110
00101101001001001100011100000100
00101101001010010001010101000010
00101101001010111100100100001110
00101101001011011000000101110011
00101101001110001111011010100000
00101101001111111101010101001110
00101101000111011101011001011001
00101101010010010010101000011110
00101101011100110011101101000100
00101101011110001010111011010000
00101101011110001010111011010000
00101101100000010011101010101001
00101101100001011101110111101011
00101101011001001011001001011110
00101100110011100010001010001011
00101100100011100000111111100001
00101101001000000001101000001101
00101101011001100101111011111111
00101101011010001110101000111100
00101101001101110101111100001010
00101100111011101011000101110100
00101100110010100101010011000100
00101100101011011011000010011011
00101100101101001000011111000101
00101100111001000111100011100010
00101100111110111011101101010011
00101100111100010100011100011111
00101100101111100010101010000011
00101100101010111010010000111000
00101100110000011011000111010001
00101100110111100010010011111101
00101101000011010100001000001000
00101101001100111101100110000010
00101101001110010001100011100101
00101101001100111000111010110011
00101100111000110110011001101110
00101101010000111100101111011000
00101101010101111010001000100100
00101101011001000111111111101001
00101101011100110111101011010011
00101101011001110001100001011101
00101101001101010001011001010001
00101101010010000000011110010100
00101101011100110011101101000100
00101101011100110011101101000100
00101101010100101011101001110000
00101101101010101111010110110100
00101101101011111110011011010011
00101101100110101010111101011110
00101101000000001000101010011100
00101100100001101111110101101011
00101101000110100101010110111101
00101101100101101101011111010000
00101101100101101101011111010000
00101101010111011000011101000111
00101101000100001010110001100111
00101101001110010100101010110010
00101101010010111011011100111101
00101101010100011111100000101000
00101101010110101101100100000110
00101101011010110000000111010011
00101101011010001100111000101011
00101101010100101010011100000100
00101101010100001000010111011000
00101101010001000110101101001001
00101101000111000001101111110111
00101101001111011011100101101010
00101101010100100111011101011000
00101101010110010011111110101010
00101101001111011011111111011000
00101101000001001100010001010000
00101101010000111100101111011000
00101101011001011010011111111011
00101101011100001100110001001000
00101101011100110111101011010011
00101101011001110001100001011101
00101101001101000101010011000111
00101101001101011010100011001011
00101101001000010111110011001011
00101100111110000111101001110010
00101101010001101010011110011101
00101101011110111010000000010010
00101101100110001011000100111010
00101101001010111011011111011110
00101100110111100101000100111110
00101100100001111001001111001101
00101101000100111010101011111111
00101101010100010001001110010001
00101101010101001011100011001011
00101101001110011001111011010001
00101101010010010110101111100100
00101101100101101011011011000111
00101101100101110100010010101000
00101101100101000101101100000000
00101101100011100011101011001101
00101101011010110000000111010011
00101101100001111100110111000010
00101101101010111100101011110001
00101101101110011111110010100001
00101101101110011111110010100001
00101101011100111101111011011011
00101101001111011011100101101010
00101101010010101110100100101011
00101101011100100101001101111010
00101101001100101000110100010100
00101101000011110101000100111110
00101101010100011000011101000000
00101101011110111011011101101000
00101101011110111011011101101000
00101101010111000101110100101101
00101101010111000101110100101101
00101101001110111011001111110011
00101101010101110010001000001000
00101101011000011001010101001001
00101101010011101110011010110111
00101101001101011011011110011011
00101101011010111111000001010111
00101101100110001011000100111010
00101101001010110001100011010100
00101100110101111011011101010000
00101100011110111101101000111011
00101100100111111001000100100100
00101101000011010001101000100000
00101101001000010000111000110010
00101101001000010000111000110010
00101101010010010110101111100100
00101101100101101011011011000111
00101101100101110100010010101000
00101101100101000101101100000000
00101101100011100011101011001101
00101101100010000111001100110110
00101101100001111100110111000010
00101101101010111100101011110001
00101101101110011111110010100001
00101101101110011111110010100001
00101101011100111101111011011011
00101101001010110011010001000101
00101101010011000010100000000110
00101101010011000010100000000110
00101101001100101000110100010100
00101101000110101101101001011001
00101101001011110011010100010101
00101101011101110011011000011011
00101101011101110011011000011011
00101101010010011101101011101010
00101101001000100001110111110100
00101101001001000001010111111000
00101101100010001010110111011011
00101101011001111000100001001010
00101101010001111101000010000010
00101101001001010001010010100011
00101101000011010011010011011101
00101100110100011000110010101100
00101100100101100010000001100010
00101100100111100010110100010011
00101101001101100001011111000101
00101101011011110010100001010110
00101101011101111011100110111111
00101101011101111011100110111111
00101101001011100000010001100001
00101101000011111100011011111111
00101101010100111111110101010000
00101101011011000011010111010001
00101101011010101010101000101001
00101101011000111010011100001011
00101101010101000010010010101101
00101101010110111011010110000011
00101101011000101111010110000100
00101101011000101111010110000100
00101101010010010111001100100011
00101101000101100100100011111111
00101101000001000010111011110101
00101101010011000010100000000110
00101101011010011110001101011110
00101101100000011111010111100010
00101101100000011111010111100010
00101101001110011101100111100101
00101101011101101001011101111000
00101101011111111110111111111111
00101101010101001011001110110111
00101100110011100000100011010101
00101100111010100111001000010001
00101101100010001010110111011011
00101101100000001101110000000100
00101101100000001101110000000100
00101101000110000111000110001101
00101100101111011010011100010100
00101100101010110111001000110100
00101100110100111001111001010110
00101101000010111110010000010110
00101101010110110101111001110000
00101101100000100001111010011001
00101101100001100101101100000101
00101101100001100101101100000101
00101101011100111010110001000001
00101101010000100001001001111010
00101101010000100001001001111010
00101101001101000111101101101111
00101101000100010111010011010000
00101101000110101010000000011011
00101101001110010101100101111011
00101101001110010101100101111011
00101101001001111111111010001110
00101101000100010000101100011011
00101100110110001000010011101101
00101100110101100101111111011010
00101101000011101010010000110111
00101101001011101101001100110000
00101101011010011110001101011110
00101101100001101110101100010010
00101101100001101110101100010010
00101101001101101110001100100110
00101101011101101001011101111000
00101101011111111110111111111111
00101101010101001011001110110111
00101100101011010111110111100110
00101100100000000010000001101110
00101101011110110000111000001000
00101101010011111100010011110100
00101101001100001010000111101011
00101101001010111101011011101101
00101101000011011110110000111101
00101101000011001100000110111101
00101101001100111010010111100010
00101101001111111111101010100110
00101101011110101000001001010011
00101101101010101010011011110110
00101101110001000111110111000001
00101101110001000111110111000001
00101101100100000001000101011000
00101101010111001001111100011001
00101101011001010010101010100110
00101101011001010010101010100110
00101101001100011110110010010001
00101101000110101010000000011011
00101101001110010101100101111011
00101101001110010101100101111011
00101101001001111111111010001110
00101101000100010000101100011011
00101100111100000001010011000010
00101100111100000001010011000010
00101100111110000011111011011010
00101100111101111001101011101101
00101101001110100010110000110011
00101101100001101110101100010010
00101101100001101110101100010010
00101101001100100011000010000011
00101101010011010101001110001010
00101101010111011001011010001010
00101101001111011101111110010111
00101100110100000110011010010111
00101100101000010100100010011101
00101101000101010101010110010100
00101101000101110000001011010010
00101101001010000001110011001111
00101101001100100001011101100110
00101101001010011001101011111010
00101101000111011000101110111111
00101101001101001110010100100000
00101101010010000100101110000100
00101101011001010001101110100111
00101101100001001110000001111011
00101101100011101100010101100100
00101101100011101100010101100100
00101101100001101111000100110010
00101101010111001001111100011001
00101101011001010010101010100110
00101101011001010010101010100110
00101101001100011110110010010001
00101101001010101110101100010010
00101101001010101110101100010010
00101101001101001101110111010110
00101101000101110001101000101000
00101100111110111110011010010101
00101100110111110011011011000001
00101100110100001000011000000110
00101100110000000110011110111100
00101100101000110111100101000011
00101100101010100001011110010100
00101101000001110001100110010111
00101101000101100101111000000010
00101101000001010001100101110110
00101100111111011101100010000001
00101101001010000101110001010111
00101101001001000111101110010110
00101100101101000101110110001100
00101100101000010100100010011101
00101100110111111100110110110100
00101100110010100001100111011100
00101101001000011011110111111011
00101101001100100001011101100110
00101101001010011001101011111010
00101101001100101101000011110011
00101101010000111010111010001011
00101101010010000100101110000100
00101101010100001010101110111000
00101101010101100001100011001101
00101101011111100001001011101000
00101101011101000100001011001101
00101101011000101101111100010100
00101101001111100010111110010110
00101101010001010110110001110011
00101101010001010110110001110011
00101101001011000100110010111001
00101101000101001111111110111001
00101101001001100111101011000101
00101101001101001101110111010110
00101101000101010111101100000110
00101100110101000101010101010011
00101100110101100011010010010111
00101100111000011000010010001101
00101100110110101001111011010100
00101100101001011011101011111001
00101100011110100010010001101011
00101100100011101100010011110001
00101100101011111011010010000001
00101100100111010000010101100101
00101100100001110011110111010010
00101100101000110000011110110000
00101100110000011111111000101010
00101100101100011111101010100011
00101100010101100111001011110110
00101100100100000010000010011011
00101100101101000111000101001111
00101100111101001110101111100110
00101101000001010000101001110101
00101101000001011111001001000000
00101101000110111100111001100000
00101101001100111101111100010011
00101101001111011001001011010100
00101101010010110101000101001001
00101101010010110101000101001001
00101101001011100111010110001011
00101100111101111111111011101010
00101100111100100001100000101010
00101100111100100001100000101010
00101100111111000001001001111110
00101101000001011100010111101100
00101101000010110110100100010000
00101101000010110110100100010000
00101100111110111010110001111100
00101100111100111000111100101110
00101100111100010101110010111100
00101100110100000111110101100011
00101100101111110100011001111000
00101100110101000011100111110011
00101100110001010101100110101100
00101100101001011011101011111001
00101100011101100111010101010000
00101100010101010010111001101101
00101100001011101110010011100000
00101100001001010011110011011001
00101100100001110011110111010010
00101100100011000100001101011110
00101100100011000100001101011110
00101100100010101110100010111010
00101100010001011101110100110000
00101100010000000101110010010101
00101100101100110100101110000101
00101100110111110001110011001101
00101100111010001010000001111010
00101100111100110111010000010001
00101101000100011010101000100111
00101101000111000101011011011010
00101101000111000110110001000010
00101101001101001010100000111011
00101101001101001010100000111011
00101101000100011111010101101111
00101100101110011111110110110101
00101100110000100011110011010101
00101100101011100111111100110011
00101100101101011000100111100111
00101100101111001011110100111010
00101100111000111001101010110011
00101100111000111001101010110011
00101100101011110011100100010111
00101100100111100110110001110011
00101100100111100110110001110011
00101100011100001000001000101010
00101100101001101001110111000000
00101100101011110110010001101111
00101100110111000001000011011010
00101100110111000001000011011010
00101100011110111110111011001011
00101100010000011000101111111100
00101100000000111011010111110111
00101100000101110010110101011001
00101100001111010011001001101011
00101100011010100011000010001011
00101100100000110111011111000000
00101100100000110111011111000000
00101100001010010101011111001001
00101100001111101010100011001110
00101100101000011011110001000010
00101100110100111110101001101110
00101100110111010011110001000001
00101101000010010110000100101001
00101101000010010110000100101001
00101101000001000100000100010010
00101101000001000110111100000010
00101100111110101101011101011101
00101100111010101011011000101110
00101100110001011111100001001100
00101100101010110000111101111011
00101100011111101000001011100111
00101100011100110111101100001000
00101100011100110111101100001000
00101100010101110000000110001011
00101100100111110001110011010111
00101100101100111011101111010101
00101100101001011001011100001000
00101100100111100110110001110011
00101100100111100110110001110011
00101100011011011111101001010111
00101100011100110101100001001101
00101100100111000000110111111101
00101100100111011000001110111111
00101100011100111101101010100000
00101100000001101001011101000110
00101011111001101111001110011010
00101100000000111011010111110111
00101100000000111011010111110111
00101100000000001010001110010110
00101100000110101101111010111100
00101100001011010110110100101111
00101100001001110110100010011110
00101011111111000100101001101011
00101100000101110001101110000101
00101100010011001011000101110010
00101100101000111000000000110011
00101100110000010110110100101010
00101100110001111101010100010011
00101100110001111101010100010011
00101100110101011010010000011100
00101100100111010011100010101000
00101100100011011101111011010110
00101100100001101111101010001011
00101100010111010001010110000101
00101100010110111011101111001010
00101100001001001110101111010011
00101100001010001010011111100110
00101100001010001010011111100110
00101100001001111111011001010010
00101100000101001010010011010100
00101100000101011111000010100111
00101100001000110011101000100001
00101100010010010101010001111011
00101100010010010101010001111011
00101100011010001010110110011101
00101100001101111001111110010001
00101100010000100000011101011010
00101100010100010000110110011101
00101100001010101011001010101010
00101011110110001010000101011011
00101011101111111001000010011001
00101011011100101100111100110011
00101011101001100100101101010001
00101011110010110000100010000101
00101011110010110000100010000101
00101011110000010110011101110100
00101011111101100111100100011100
00101011111101100111100100011100
00101011110110111100001010000010
00101011110011111011011011010100
00101100000010010000001110100100
00101100100011010111011011011011
00101100101101010111100011101111
00101100101011111110010010000001
00101100010110011010111000111110
00101100001011001110001100100100
00101100000001010000011101000111
00101100001000001011001010001000
00101100001000001011001010001000
00101100000000110000111111000100
00101011111000011111011001001001
00101011110001011110000000010101
00101011110001011110000000010101
00101011101101010100010010101110
00101011101101110000100110110010
00101011111100111100011110110111
00101100000101001101111111000000
00101100000011001110001000010010
00101100000011100100111000100111
00101100011010001010110110011101
00101100001101111001111110010001
00101100001010101000011001111110
00101011101000111111110110010110
00101011101000111111110110010110
00101011011111000111011110001111
00101011001101101111010101110011
00101011010000111010011100101000
00101011011101001010000010100010
00101011101000110000010110000111
00101011101000110000010110000111
00101011100000111010101101101101
00101011100000111010101101101101
00101011100011101000110001110001
