00100110100001011101011101101110
00100110100011100001110010011110
00100110100011100001110010011110
00100110010010110101110000000001
00100110000101000010110011010111
00100110010111111011101011100001
00100110100010101011011100000111
00100110100010101011011100000111
00100110101000001010001100010110
00100110101010000010100110001100
00100110101001011110100010011111
00100110010010111101110011100000
00100110010000110111111010000110
00100110011110001110000100001101
00100110101010000001100101000010
00100110101010000001100101000010
00100110101010010011000001111101
00100110101010010011000001111101
00100110101001011110100010011111
00100110100101101010110110000101
00100110100101101010110110000101
00100110100100101100101110001000
00100110101010111100110011000100
00100110101010111100110011000100
00100110101010010011000001111101
00100110111001010000010101110010
00100111000010100110001110110000
00100111000010100110001110110000
00100110110001111010010010011110
00100111000001101000101011110100
00100111000001101000101011110100
00100110110000000010100001110011
00100110101011001000110000101010
00100110111001010000010101110010
00100111000010100110001110110000
00100111000010100110001110110000
00100110110001111010010010011110
00100111000001101000101011110100
00100111000001101000101011110100
00100110110000000010100001110011
00100110101011001000110000101010
00100110101011001100011100110101
00100110101011001100011100110101
00100110101010001101110111101011
00100110101101100011001100101101
00100110101101100011001100101101
00100110100101011101111000110001
00100110100101111110011001101001
00100110100010000000011111111100
00100110101111110000110000110110
00100110101111110000110000110110
00100110101010101001010110110010
00100110101101100011001100101101
00100110101101100011001100101101
00100110100101011101111000110001
00100110100101011101111000110001
00100110011011110010000110001101
00100110101100101010101001001010
00100110101100101010101001001010
00100110101000011000010011000110
00100110011011010101100010111011
00100110010001011101111110100111
00100110010000011100010111010001
00100110010000011100010111010001
00100001010101101100111101010101
00100001011000000111000011010000
00100001001110101011111100010001
00100000111111100101101111111101
00100000110101101111111001010111
00100001000011101011100100001000
00100001010010000111000110101010
00100001010101001101001101100110
00100001011101000010101111011011
00100001100100000010000001000011
00100001011000110110110111011110
00100001000000011101001010101100
00100000111000110001000000000100
00100001001001101010010111001001
00100001100001001100110010011011
00100001100010100001011110100100
00100001100000000001101100101101
00100001100100111101001111110000
00100001011110000101001000101101
00100001011000011010010101111111
00100001011010100101000010100001
00100001011001100001100111011100
00100001100001110110101111111011
00100001100100101001000110111100
00100001011011110101111010111100
00100001101001111010001011010101
00100001110010010101101010100101
00100001101010100000111000001101
00100001100011000001100101000010
00100001101111010111001010010011
00100001101111101001100001000010
00100001100111011010011001000001
00100001100001001011000110001111
00100001100111001101110000001001
00100001110001101001101110110110
00100001101001011101000111110110
00100001100001010010100101010001
00100001101110110101101010111111
00100001101101000101010001100110
00100001100100000000000111100110
00100001100011101101111101001100
00100001100010010101001111010010
00100001100011001101000011110101
00100001100100000101011011001011
00100001100110000101110110111110
00100001100011111010010101100110
00100001100000110000001100111100
00100001100001110010001011001101
00100001011001110101101010001000
00100001100010100100000110011100
00100001101000010100111000001100
00100001100010110001110110010100
00100001100000000101010101100101
00100001011001011000001001010101
00100001011010011000000101011011
00100001011001100000011001001110
00100001001011101001110011111000
00100001010110001111011000101011
00100001010110001111000101111011
00100001001011011100110101101000
00100001000101001011110011100010
00100000111101011101110111000001
00100000110110011101111111110111
00100000110011010000111010111010
00100001010101101100111101010101
00100001011000000111000011010000
00100001001110101011111100010001
00100000111111100101101111111101
00100000110101101111111001010111
00100001000011101011100100001000
00100001010010000111000110101010
00100001010101001101001101100110
00100001011101000010101111011011
00100001100100000010000001000011
00100001011000110110110111011110
00100001000000011101001010101100
00100000111000110001000000000100
00100001001001101010010111001001
00100001100001001100110010011011
00100001100010100001011110100100
00100001100000000001101100101101
00100001100100111101001111110000
00100001011110000101001000101101
00100001011000011010010101111111
00100001011010100101000010100001
00100001011001100001100111011100
00100001100001110110101111111011
00100001100100101001000110111100
00100001011011110101111010111100
00100001101001111010001011010101
00100001110010010101101010100101
00100001101010100000111000001101
00100001100011000001100101000010
00100001101111010111001010010011
00100001101111101001100001000010
00100001100111011010011001000001
00100001100001001011000110001111
00100001100111001101110000001001
00100001110001101001101110110110
00100001101001011101000111110110
00100001100001010010100101010001
00100001101110110101101010111111
00100001101101000101010001100110
00100001100100000000000111100110
00100001100011101101111101001100
00100001100010010101001111010010
00100001100011001101000011110101
00100001100100000101011011001011
00100001100110000101110110111110
00100001100011111010010101100110
00100001100000110000001100111100
00100001100001110010001011001101
00100001011001110101101010001000
00100001100010100100000110011100
00100001101000010100111000001100
00100001100010110001110110010100
00100001100000000101010101100101
00100001011001011000001001010101
00100001011010011000000101011011
00100001011001100000011001001110
00100001001011101001110011111000
00100001010110001111011000101011
00100001010110001111000101111011
00100001001011011100110101101000
00100001000101001011110011100010
00100000111101011101110111000001
00100000110110011101111111110111
00100000110011010000111010111010
00011111011111001111101000010100
00011111100100011100100010101010
00011111011100000110110010011011
00011111001001100101010110111000
00011111000011011010010111010011
00011111001111000000001000101010
00011111100000011001101101010100
00011111011110101111001101110000
00011111100111110011000001110110
00011111110000101011101010001111
00011111100111010110111101101001
00011111010100110110101000001001
00011111001111010011110110100011
00011111011110111111111111011000
00011111101100101011000011100100
00011111101011010000101110110110
00011111101001101011110110000111
00011111110100101000111011010100
00011111101111111001011011100111
00011111101010000011100100011110
00011111101001010001100001101001
00011111101100100110010010100001
00011111110010111111001011010001
00011111101111010000101101101011
00011111101000100000100000001001
00011111111010101010011001100100
00100000000010000110111110111111
00011111111011111101001101010101
00011111110100111110011011110110
00100000000000100100101111010110
00100000000001001011000111010100
00011111110010110111101010110100
00011111101011001010110100111111
00011111111000111100000101010110
00100000000001111101110011111001
00011111111100001110100010001010
00011111110100110010100111100110
00100000000000101110100101100101
00100000000000001001110100110110
00011111101111111010100011010011
00011111101100101000100011110110
00011111110010101101010000001000
00011111110101101010100101110001
00011111110101011110110100100111
00011111110101001111010100111111
00011111110100111000111111000111
00011111110010000110101001110010
00011111101011010011110101100110
00011111100110000110101010001111
00011111110000110011000111011110
00011111110101011111010000011001
00011111110000111100111100011100
00011111101100110111111011010001
00011111101000111101100001111000
00011111101000010101010001101111
00011111100011101110011001111000
00011111010101101110111110100000
00011111100011101110000100000010
00011111100100010010000000011110
00011111011100100011010110100101
00011111010011001001000111101111
00011111001011110010011001011000
00011111001000010101001001100010
00011111000010010011010011001110
