00100101010011111011010001001011
00100101101011100000101110110100
00100101110011111110010110000100
00100101110111101001101001110111
00100101111100110001111010010000
00100110000010000110111011111111
00100110000101011111101110110000
00100110000101111101101001110001
00100110000011110001000101000010
00100110000010000101110101011001
00100110000011110001111010001011
00100110000110001011111101001101
00100110000101011010001110101100
00100110000001000111010010001110
00100101111010011000001111000010
00100101110111101100101110000100
00100101111000011011001110010100
00100101110111111111100110011100
00100101110110100001000110000001
00100101110011101100101011001111
00100101110010011100011101000100
00100101110001110011110101101010
00100101110100011011001100110010
00100101111010000100101010101000
00100110000000110100010010001010
00100110000011100110011110010010
00100110000100000110110111001110
00100110000011100000100111111110
00100110000010110010101000100110
00100110000010110011111111000110
00100110000010100011110100111110
00100110000001000111110011001101
00100101111011101100100100101000
00100101101110111100111010010110
00100101010101100011010101001010
00100101101001000011010001111101
00100110000010010111110010011001
00100110001001001110001111100010
00100110001100010111000111011000
00100110010000011110100111011011
00100110010101100101001000010010
00100110011001100000111010011111
00100110011000101100001001001100
00100110010100000100000000011000
00100110010000001100111110000100
00100110010001011011010000111011
00100110010100000011001110011110
00100110010010110101011011001101
00100110001100110000101101001100
00100110000111000100101100100011
00100110000100110110111110001101
00100110000101000010100100001100
00100110000100110110011101100100
00100110000100000001001110001110
00100110000010101101101111001110
00100110000001111100001001110010
00100110000001011000010000110011
00100110000010110010100001000010
00100110000110101011110001001110
00100110001100000110100110011010
00100110010000001001000000011001
00100110010001000111111111111000
00100110010001000000001100101101
00100110010001011010011100101110
00100110010011011000001000111000
00100110010100111011001011000010
00100110010011110111011011000010
00100110001110101110111110000100
00100110000100000100101111110100
00100101101000001110000011001000
00100101101110101111011110010111
00100110000111010010010000111100
00100110001111100100011110110011
00100110010011011111101010001110
00100110010111011111101001111011
00100110011010101011110110010111
00100110011011011101011111000011
00100110010111100100010000000001
00100110010000111110101010101110
00100110001011101110010010010010
00100110001011011010100111000110
00100110001100100010111110101110
00100110001011000000011010011011
00100110000101011101101000010011
00100110000000010101010111010101
00100101111100000010011011000000
00100101111011111101000100110100
00100101111100011101100111101011
00100101111100010001110101000101
00100101111011011100100000100100
00100101111010001100111010111100
00100101111000110110111100101011
00100101111010100101111011011110
00100110000000100011000001011010
00100110000101010010100000010001
00100110001000101101011001110010
00100110001001101100100011011001
00100110001010001011000001001010
00100110001100100011111010111111
00100110010001101001000110100011
00100110010110111111001010110000
00100110011000100010001111000100
00100110010011010110111111001100
00100110000110100111001001111110
00100101101001010110100110010110
00100101110010010001111111101010
00100110001010010101000100110110
00100110010011001110101101011101
00100110010110111010001100110111
00100110011000111011001101010101
00100110011000010001101001011110
00100110010100001100110110111110
00100110001101011101100001101010
00100110000110001010011010101011
00100110000001010000011000001110
00100101111111010011111101011001
00100101111110100101011101110010
00100101111011010101001100011001
00100101110100000101110000110100
00100101101101100000000100000001
00100101101010011010110101010010
00100101101010100110001011001001
00100101101100010110110010101101
00100101101101110100010111000110
00100101101110110010100011011101
00100101101101101110000000011001
00100101101011110111101000111011
00100101101011010110110101011001
00100101101110111110110111000101
00100101110101000101101100110001
00100101111001111111001011010000
00100101111011110111011010010100
00100101111110000011110010111110
00100110000010010010111101000011
00100110001000110000011100010000
00100110010000001110111110111110
00100110010100011111001101100011
00100110010000111100111011101100
00100110000100110111101100001110
00100101100110101011010101010000
00100101110101100110010011100100
00100110001101100010001010110100
00100110010111011101110001000100
00100110011011001100111101001001
00100110011011011010000100001101
00100110011000000110001101011000
00100110010001110001101110111011
00100110001011110010100101100100
00100110000110101000010000101010
00100110000011100001101110100001
00100110000000101010110101110111
00100101111011100100100010111011
00100101110011111011010000101001
00100101101011111100011111101011
00100101100110001110011001010110
00100101100100001101011111010011
00100101100101010110101100010100
00100101101000000111101001000010
00100101101010101001001000010000
00100101101011110011110111001001
00100101101010100010110000010001
00100101101000001100110101101100
00100101100111000111001001011101
00100101101010101100110101000001
00100101110001101001110110101011
00100101111001010010100101100101
00100101111110010011001000000101
00100110000001010100100001001011
00100110000011111111001000001110
00100110001000110001011110011011
00100110001110101011010101000011
00100110010011001011011100011001
00100110010000111000110111010000
00100110000110000000001001000100
00100101101000100110011011100011
00100101110101110010111110001100
00100110001110000010110101001011
00100110011000101000010001001111
00100110011100111010101011111110
00100110011101011000000000010100
00100110011010111101000100101000
00100110010111000011111011110011
00100110010101001011000101100101
00100110010011010101110010011100
00100110010000111000100010001101
00100110001011001110010000111000
00100110000100100000110111001100
00100101111010100000100100111110
00100101101110100011000110000011
00100101100110100111110001010101
00100101100100000111110011101101
00100101100101100011101100000110
00100101101000100110000001110000
00100101101011001000010101101011
00100101101100001000010011110001
00100101101010100010010011000011
00100101100111111010101101101000
00100101100111010101100010001101
00100101101101111010000001001110
00100101111001101010001101001100
00100110000100001011100000010101
00100110001010000010000011110010
00100110001110111101100111100110
00100110010001100110000010000001
00100110010011011101110100000100
00100110010100101110100011101010
00100110010110000111111100100111
00100110010011011111000110000010
00100110001001100111111111011110
00100101101110011111010010110001
00100101110010010100101010101011
00100110001011011111010001010001
00100110010110100001110110110111
00100110011100101000011001011110
00100110011111111110111111011111
00100110100000110100000111100111
00100110100001011101010000000001
00100110100011000001110110000001
00100110100011100001100011111011
00100110100001110001100111110011
00100110011001110011011001000101
00100110001110100000110111100011
00100110000011100010111110011110
00100101110101110110010010111110
00100101101001101010110110001101
00100101100100110011001110110011
00100101100101010111111101000011
00100101101000000100010011010101
00100101101010001001011000001110
00100101101010100110110011000100
00100101101000101110111000000011
00100101100110101011101110001010
00100101101000100101001011110001
00100101110100000100111000011100
00100110000010111010010111111111
00100110001110000001001111100111
00100110010111111011010100100111
00100110100000011101110001001010
00100110100010101000100111101011
00100110100010101011001101111010
00100110100000111111110010001001
00100110011110110111100011101101
00100110011010011011111011011010
00100110010000010101111110000110
00100101111000001101001000011100
00100101101100110110000111001001
00100110000111011100000101011000
00100110010011000100010010100101
00100110011011011010000010110101
00100110100001000111110001101110
00100110100011111010011100001010
00100110100110011001110000011111
00100110101000110011011011111110
00100110101001001010000010111011
00100110100110010110000010000111
00100110100000011000000001100001
00100110010100001001000111101111
00100110001000101010111101001001
00100101111110111011101111111110
00100101101111110000101010011100
00100101100111101011100111000010
00100101100110000110000111101010
00100101100111110100111001011000
00100101101001011011110110010000
00100101101001100010101110100110
00100101100111111001101010011001
00100101100111101101111011010110
00100101101100110111100011000001
00100101111011110111100010000110
00100110000111100101010010100110
00100110010011001010001101011001
00100110011110001101101010101110
00100110100100101110101110000001
00100110101000001000110111000001
00100110101000101101001010000100
00100110100110100100001101000011
00100110100011111011011011010110
00100110100001010000010001101110
00100110011000001110001001111111
00100110000001110000001101010000
00100101101001011000101011111111
00100110000101001001111110001100
00100110010001100101001000000001
00100110011011010100001000010111
00100110100001110111011001111110
00100110100101010111000010100010
00100110101000001001111011111010
00100110101010000010010100111110
00100110101001011110010001100000
00100110100110000010101100110000
00100110100000010110110001100001
00100110010101111010111101000011
00100110001100011110100110110001
00100110000100100010110001100100
00100101111001110011011001111001
00100101110000000010101111011011
00100101101100001111000110011101
00100101101100010101001000011111
00100101101101000001010010011010
00100101101101010000000010000010
00100101101100101101010110000111
00100101101110110110111011111110
00100101110110001101110010011001
00100110000010101011100001010011
00100110001010110101110110100100
00100110010100000001111001100001
00100110011101100101100111000100
00100110100100010100101110100101
00100110101000011111000001110101
00100110101010000001010011110101
00100110101000101000100101111010
00100110100110011011100010011100
00100110100100100101001111000110
00100110100000001000111010000000
00100110000111111100111000101000
00100101101001111101101000110010
00100110000101111111011100101100
00100110010011011000001100010010
00100110011100111101011111010010
00100110100010010001101010111001
00100110100100111010100110010101
00100110100110110100011000101000
00100110100111010101010001000100
00100110100101101001100010101111
00100110100010001100011001010101
00100110011100000000011100001110
00100110010101010000111101111100
00100110001111100100110101111100
00100110001010011111000000010001
00100110000100101001111110010010
00100110000000011000011100111101
00100101111100100100111100010101
00100101111100101011101010011110
00100101111101011000111011110001
00100101111101111010000001010110
00100101111101110000110011000000
00100110000000100110010111101100
00100110000100010010110111010011
00100110001010001000110010010100
00100110001110111101110000111101
00100110010011101111100111100111
00100110011001010000110111100000
00100110100000100010011001100010
00100110100100011001010001111001
00100110100110110111011111011000
00100110100111000011101001000000
00100110100110011100000110110111
00100110100110001111100111001101
00100110100011000100100001000100
00100110001100110111010111111100
00100101110000000011011110000010
00100110001010010100010010011101
00100110010111100100100100000010
00100110011111110111011000000110
00100110100011000010100111010111
00100110100100110001110111001110
00100110100101101001011110100101
00100110100100111110010010000110
00100110100010011101010000100100
00100110011110100101000000111101
00100110011000111001101011000111
00100110010101011011100110011001
00100110010010111101011110101000
00100110010001001010100101000100
00100110001110101010001001010111
00100110001100110001101000001010
00100110001011111010011010001011
00100110001100110110101001101010
00100110001101011101101010101101
00100110001101101010111110100100
00100110001101001101100000010100
00100110001110100101000101000011
00100110010000110111100110000101
00100110010011011010001111110100
00100110010100000101011001011110
00100110010100101100010001111001
00100110010110101011101110110010
00100110011011011011101010001010
00100110100000111000001110000111
00100110100011110000001111011101
00100110100100111011110010001000
00100110100101011011010110111011
00100110100110010100110001100000
00100110100100000110010011001110
00100110001110111101011001110100
00100101110101110010100010010010
00100110001101101011101001001110
00100110011001101010110010111000
00100110100000100110000001110100
00100110100011101101000001101001
00100110100101011001011101000001
00100110100101101001110110110010
00100110100100000011010011101101
00100110100000110001010101110101
00100110011011010110000011010100
00100110010111001111000110001101
00100110010101110000111110011110
00100110010101100001001011111100
00100110010110010000000010100000
00100110010110100101111000100101
00100110010111010000101111111110
00100110011000111010010101001011
00100110011100011111010001111000
00100110011110011010110110010100
00100110011110000011000010111111
00100110011011101010111010111001
00100110011011001001100001101010
00100110011011011110001101110110
00100110011011000101110010001111
00100110011000100010100111000000
00100110010110001010100010011100
00100110010101100101001110101100
00100110011000001100100101001100
00100110011101100100001010010000
00100110100010001010101001001011
00100110100100000101110100101110
00100110100100111000111111000010
00100110100101010110000010011110
00100110100010110001010100010001
00100110001100111011001010010010
00100101110110001101110010111100
00100110001100110111010110100101
00100110010111000000100011100100
00100110011111010011000000011110
00100110100011110110111001011011
00100110100110111100111001011100
00100110100111011001100001111001
00100110100101011000110001111101
00100110100001011011000111111011
00100110011100001001100001000011
00100110011000000010101001011010
00100110010110101000111000011100
00100110010110100111001001010100
00100110010111101110110011110110
00100110011001010010110101110011
00100110011011110111010011100110
00100110100000000110000010011110
00100110100011000101000001101001
00100110100100100110011110110111
00100110100011111111101010100000
00100110100001101110110111101001
00100110100000001001010010010111
00100110011110011011110000100101
00100110011100011001000101000101
00100110011001000111111000000011
00100110010110101100100101101001
00100110010110001111100101000101
00100110011001000010001111010001
00100110011110100101101100000110
00100110100011000111100100110100
00100110100101010000101010110001
00100110100101011111110000000111
00100110100100001111110110110011
00100110100000001000110000010011
00100110001000010000010100100111
00100101110001100000000000010011
00100110001000001011010011011000
00100110010000010111011111110100
00100110011001101101101101010100
00100110100010011100001010011010
00100110100111010110111001010111
00100110101000110110100001010101
00100110100111010101101000000011
00100110100011100001101010011110
00100110100000001011101110011100
00100110011100001100010110100000
00100110011010010101011110011100
00100110011001101100001100011011
00100110011001010110111010111001
00100110011001101001001111010110
00100110011011100001010111100001
00100110100000010011110000010110
00100110100011110100010011000110
00100110100101101010100110101010
00100110100100101001100001001110
00100110100001101000111101111010
00100110011110011100000110001101
00100110011100100011010010110101
00100110011011110011110101100100
00100110011010110110001101000101
00100110011010001100100101010110
00100110011010101100001110000111
00100110011101111100011111010101
00100110100001110110100100000111
00100110100101110100100000001010
00100110100111110001100010100100
00100110100111000110110111111111
00100110100011111110010001011001
00100110011100000101101000110001
00100110000100000101000001100101
00100101101100110001000011010001
00100110000011110001011000111010
00100110001010011011010001011010
00100110010100000100001100110011
00100110100000101110101110100110
00100110100111010111101111110110
00100110101010010010110000101001
00100110101001111011110010010011
00100110100111010111011011100011
00100110100101011100011000101010
00100110100100101001110010000100
00100110100100100001001100101101
00100110100100001101101000010001
00100110100010101110001100111000
00100110100000101010000011010101
00100110011101111110010101111000
00100110011111011100101011001100
00100110100010000001101100101110
00100110100011100000111100011011
00100110100010011011000010100000
00100110100000000101111111111101
00100110011101101101011010101110
00100110100000000000100101011110
00100110100001111010100111001110
00100110100011101001100000011011
00100110100100011011111100010011
00100110100100101100011111000110
00100110100101010010111010101100
00100110100110111100100100001111
00100110101001110010110101010010
00100110101010111100100001011111
00100110101001010101101001111011
00100110100101000001001110101111
00100110011011100110010101001000
00100110000010110101100000110100
00100101101011110111010000101100
00100110000010000101000001011000
00100110000110110011000110111001
00100110001110100011111011110101
00100110011100001011001110100111
00100110100101101011011010101101
00100110101010000010001011110011
00100110101011010100111111111101
00100110101011000001001001001011
00100110101100000001000101101010
00100110101110010001110111001001
00100110110000101110011101100111
00100110110001100010110011000100
00100110101110110101111001001110
00100110101001011011101001010100
00100110100011001010001011110100
00100110100000000010110010010010
00100110011111011101011000100010
00100110100000010111000111011010
00100110011111000110110110001100
00100110011110011100110010111000
00100110100001001110111001010010
00100110100110100110010110001110
00100110101100000100001000001101
00100110110000001101100101010101
00100110110001001110101111010001
00100110101111111101111000001000
00100110101101100100100011011011
00100110101100011011111011000110
00100110101101000000101110010000
00100110101100111011010100011111
00100110101010100010001011001111
00100110100110000011000101101000
00100110011101010001100011010110
00100110000011111100000001000011
00100101101100001011001000001000
00100110000001101100001000110101
00100110000100110010011011000011
00100110001001110111010010010011
00100110010110000011110011110101
00100110100010110111001001110101
00100110101000010001101101111001
00100110101011000100001011011111
00100110101101000000011010101000
00100110110001010001001111101001
00100110110111011100010010101001
00100110111101011100011001000001
00100111000000000011110100101100
00100110111100011110001101111010
00100110110011101000011110011101
00100110101000100010100010010100
00100110100001010110011011101001
00100110011100100110101010101101
00100110011100000011010110110110
00100110011011010111111111100001
00100110011111001110001011000100
00100110100101010010101110011010
00100110101111000010110001110011
00100110111000000110100101001000
00100110111110001101111100010110
00100110111110101100110011010001
00100110111010111110000011011000
00100110110100100110101011011001
00100110110000000010001110001000
00100110101101111011000111000011
00100110101100101100100101010001
00100110101001111101000101010100
00100110100110000111110100101011
00100110011110101001010111100011
00100110000101011011110001011111
00100101101111000111100001100100
00100110000100001001111100101010
00100110000110110011001111100100
00100110001000111111001000000111
00100110010001010110100001011001
00100110011110000011010100110110
00100110100100001110111001101110
00100110100111101000111001001010
00100110101010110100111101011011
00100110110000110001010111111110
00100110111001001111111110010110
00100111000000101101101001001001
00100111000010100110000000100110
00100111000000100010100101100010
00100110110110110010101000000100
00100110101001111110011010110111
00100110100001001101100010010011
00100110011001111111101010000111
00100110011000011001011100100000
00100110011000100111000111011101
00100110011110101001111001111110
00100110100110100110010110010111
00100110110001111001111110000010
00100110111100011100001010101100
00100111000001101000011110000011
00100111000001100100011000010001
00100110111101101011101001101111
00100110110101000010100001011001
00100110101110101101000001011101
00100110101011001001100101000000
00100110101001011000101101111001
00100110100110110101000111011100
00100110100100000110110100111100
00100110011100111001110111110110
00100110000101001000001110001001
00100101110100010001010110000010
00100110001001100010000100010101
00100110001101111100011110110100
00100110001110110111110010101110
00100110010011000100000000001011
00100110011010011011011100001101
00100110100000100101101110010010
00100110100010111000000001000101
00100110100101101001001100110110
00100110101011000111010111001011
00100110110011011111001111100001
00100110111011010100010110000111
00100110111110101101011110000101
00100110111010100011010000011011
00100110110001000110101101010000
00100110100101111010001100111011
00100110011100110101011001010001
00100110010101111001100011110101
00100110010100100010001011001110
00100110010101000000101001000011
00100110011001111101100001101010
00100110100011001110101110100011
00100110101100111110010110010000
00100110110110100111011101010011
00100110111100111010000000110100
00100110111100101000100100101000
00100110110111001100100011101110
00100110101111000100100010010010
00100110101001011011101001011010
00100110100110010001111111000101
00100110100100111010011010111111
00100110100011000100100101111001
00100110100001011101101100010100
00100110011001101000110011001110
00100110000011100100111001001111
00100101111111001000111100101110
00100110010011110001010111110101
00100110011011010100111110110011
00100110011100001001001000101111
00100110011100100100100110100001
00100110011101000100011100000101
00100110011100110111100110110001
00100110011011111001001110010010
00100110011110001110101100101110
00100110100011010100111001000100
00100110101010000110010110001110
00100110101111101010100001110010
00100110110000110011101110010011
00100110101100010001110110011111
00100110100100110101100000111000
00100110011010111010000010110000
00100110010010010011001111100110
00100110001111011011111010101101
00100110001111001111100011100100
00100110001111100001011001000001
00100110010001011100101101111010
00100110011000010111100100001001
00100110100010010001001110000001
00100110101001001111001100001110
00100110101110100010111111100010
00100110101111010001000100011101
00100110101011110000010111001110
00100110100110001111010100100011
00100110100010101100110101100011
00100110100001010000101101101111
00100110100001000001110100101011
00100110100000011001001011101001
00100110011111010100101001101101
00100110010111001010101000011011
00100110000010000101101010111111
00100110000100011001100100011111
00100110011100011010001100010101
00100110100011011100011100001001
00100110100100101110011100011000
00100110100101000101101101100000
00100110100011100101001000011010
00100110100000000111100110101001
00100110010111101010100100110100
00100110010101101010110000010101
00100110011100010010001111001011
00100110100011110010101111101111
00100110100110111001101111011101
00100110100101100110110001000010
00100110100000110010110101111010
00100110010111010000101111011000
00100110001111101101100000001100
00100110001100111010101101111000
00100110001101011100100011001011
00100110001110010111110001110011
00100110001110000101001110000011
00100110001101001111011010110011
00100110001110111111001000011100
00100110010100011100001110110111
00100110011100101011000001111101
00100110100010010101000100000011
00100110100100000001000001111111
00100110100010101010100010000100
00100110011111101100101011001101
00100110011100011101001111011001
00100110011101010001110001010101
00100110011111110000001100011000
00100110100000101011011100101100
00100110100000011111100000111011
00100110011000101010010111010001
00100110000010101101011110001101
00100110000110110011011000111101
00100110100000000000010100011110
00100110100101110000100111001010
00100110101000000110001001100101
00100110101001100111100001000110
00100110100111110001101001011111
00100110100001110111111011010000
00100110010101010101111000101001
00100110010000010010100010100110
00100110010111011000000001111111
00100110100001011010001110100000
00100110100011100001011100001111
00100110100001000011101111100010
00100110011001011001000011110100
00100110010011100110100110011110
00100110010001100000100100100010
00100110010010010000000001111011
00100110010100000001110011001100
00100110010101010100100010110000
00100110010101011110011110110101
00100110010100100111100110110110
00100110010011111100000101101011
00100110010100011000001011111111
00100110010110100001010110111100
00100110011010111000010001011001
00100110011110011110111111111100
00100110011110001001010101010111
00100110011011001100000011111000
00100110011001100111100010100011
00100110011101001001101110000111
00100110100001001000101001110110
00100110100011000101011000101001
00100110100010111100001110100110
00100110011100011100011100001101
00100110000100100111010000101001
00100110000110011101111100100111
00100110011110100000111010010001
00100110100100101111110100110101
00100110100111111111011101111011
00100110101011001000011111000000
00100110101010001010011110110101
00100110100011001111010111010111
00100110010100101011100110011000
00100110001101010001101011011100
00100110010100010111011011100000
00100110100000001101110010010011
00100110100010100101011111111011
00100110100001001011100010010100
00100110011110001010111101111100
00100110011110100000101111101000
00100110100000010110110001111111
00100110100001011000110100010000
00100110100001110010101000110101
00100110100010001111010010010100
00100110100010111101111000111111
00100110100011110010111001111110
00100110100011100110101000000101
00100110100010000101101101110110
00100110011111101010110100111010
00100110011110001011010110101011
00100110011110111010101000011100
00100110011110010110011100000011
00100110011011110011001101101011
00100110011010101101110111100011
00100110011111011100111100011100
00100110100011000001000111010110
00100110100101001110111010000101
00100110100100101000100000011101
00100110011110011100110000010000
00100110000101011101110111110101
00100110000101101111110110110100
00100110011011111010111110001010
00100110100010001110000110011000
00100110100100110000100111001101
00100110100111011000011011010010
00100110100110011100110001110001
00100110011111101100110010001001
00100110010000101000110101011011
00100110001011000110001111110011
00100110010010101101111000101001
00100110011101110001010010101001
00100110100001011110011001100100
00100110100001101001011011110100
00100110100010001110000000100110
00100110100101000010110011001101
00100110100111100101110100010011
00100110101000100110110001011111
00100110101000000111100110111010
00100110101000001001000000001100
00100110101001101000001001010111
00100110101100000010011101110110
00100110101100100011001011000101
00100110101001110111111001110000
00100110100100111010010101100111
00100110100001101110000011100001
00100110100000111011011101111100
00100110100000101110010110011100
00100110011111010001000111000100
00100110011110010111010110001101
00100110100001010110100100110110
00100110100100100010000000001100
00100110100101111110001010000110
00100110100100010101011001110111
00100110011100000111110101110000
00100110000011100001011101100100
00100110000111111101011100000110
00100110011101111101000110111000
00100110100001101110101000010011
00100110100001101011101101001100
00100110100010000000010010000001
00100110100000011011101101001111
00100110010111001010000101000000
00100110001110010110001111001101
00100110001101010010100100000010
00100110010101001110111111001011
00100110011110001000111001011001
00100110100001000010111101011100
00100110100001101010100100101010
00100110100011001110101100010111
00100110100110101111001011111110
00100110101001011011110110001011
00100110101010001101100110011001
00100110101001011010101110110111
00100110101001010110111001101100
00100110101010110111111111110110
00100110101101010011010111011011
00100110101101100010111010000011
00100110101010010010000101101111
00100110100100110000000111000000
00100110100001010001001110011111
00100110100000111110110101000010
00100110100001111101010110011000
00100110100001110011010001110000
00100110100001100011111100111011
00100110100010110010110010001110
00100110100101001010001101011100
00100110100101010000101011000110
00100110100010010100001011111001
00100110010101111000111011010110
00100101111101101000100000001111
00100110001010011001011101101101
00100110100000001111110100000110
00100110100001011100000111011100
00100110011100100101111110001111
00100110010111100000010001011010
00100110010010110111001000110111
00100110001110111011011110010110
00100110001111101111111000001010
00100110010111000000010110010111
00100110100000111101011010110101
00100110100100101100111001100101
00100110100101000100001010010001
00100110100011101110100111100000
00100110100011011000010011010000
00100110100100111101000101100010
00100110100110010011111010010110
00100110100110010111100110100111
00100110100101100000000110100001
00100110100101011001011101101001
00100110100110010011010010000100
00100110100111010100111100001001
00100110100110011110110001001001
00100110100011010001100001011100
00100110011110100011001110001010
00100110011011011010111000011111
00100110011111001011001010101110
00100110100010111010000111101001
00100110100100100001010011110001
00100110100100101001001001111011
00100110100100011110101001010101
00100110100101011101101001011011
00100110100100001010110011100100
00100110100000000011100011111111
00100110001111010011110010111110
00100101110011100011100011001010
00100110001010101100111111101001
00100110100000011101000001111100
00100110100001001111101101010100
00100110011001011101011111111010
00100110010010001100011000010010
00100110001110001001010000101100
00100110001111011001011011000000
00100110010110011101111111010001
00100110100001010010100101011100
00100110100111100101001100001110
00100110101011001100001011001001
00100110101010101001101010010100
00100110100111100010010001010110
00100110100100101010011010111111
00100110100011011001011000000111
00100110100010100110001011101000
00100110100001100010011000010010
00100110100000101000111110011111
00100110100000100110000111011010
00100110100000101111001101111010
00100110011111111010101110011000
00100110011011100011111100111101
00100110010101110001000100101110
00100110010001100010011010001011
00100110010010001110000011011010
00100110011000110100001110110011
00100110100001001000000011000101
00100110100100000100011000101001
00100110100100101011010101000100
00100110100011110000110001101011
00100110100011110011111001011001
00100110100001111101101001110100
00100110011011000001110111100111
00100110001001110011001001000000
00100101101011101010000111110010
00100110000101111011000001100000
00100110011010100011010111110000
00100110011101101101100011000000
00100110010111011110010110010001
00100110010010100100111110101001
00100110010000110111100111101001
00100110010100111000101010001010
00100110011110001001111111010011
00100110100101101110100011101010
00100110101100001010001000111011
00100110101111110000011101010010
00100110101110110100000101001111
00100110101010101001000101010101
00100110100110001110111110101101
00100110100011010100000101011110
00100110100001001011100100000110
00100110011110010101011111010111
00100110011011101100110011001001
00100110011011000001101000010001
00100110011010001010111111011110
00100110010110100001011111111111
00100110010000110101000010100011
00100110001011100111100101100101
00100110001001000010111010110010
00100110001010001111010000110010
00100110001111110110001011100101
00100110011000100101001000100001
00100110011111001110101110110110
00100110100000100111101100101010
00100110011111010000111101101011
00100110011110010111111011010001
00100110011011001111111011100001
00100110010100000001010011010001
00100110000101010001001101000100
00100101100110111101001101111000
00100101111100111011100110110100
00100110010000111001011011111111
00100110010111000011101000011011
00100110010101111101111111010011
00100110010101000111110110001011
00100110010101111101110001101001
00100110011010011011001101000011
00100110100000111100011011010010
00100110100101110000000010011111
00100110101010001100000110111000
00100110101100101010010110111000
00100110101011101101001000010000
00100110101000011000000010100100
00100110100100101011000100001010
00100110100010000001101101000010
00100110011111101001011000110011
00100110011011010101001010101000
00100110011000011010110000101010
00100110010111001011110000000001
00100110010101101010001101000010
00100110010001011101101010010111
00100110001011110101110110010011
00100110000111010011100101001010
00100110000100110111101001010101
00100110000100001111011111011001
00100110000101110110101101000011
00100110001010000101110110110001
00100110001110011101100001001110
00100110010000011100000011011100
00100110001111111011100101011111
00100110001111111011101100111101
00100110001110111000001111101100
00100110001010101010101110110000
00100110000000000011011001111100
00100101100010100110111010111001
00100101101110100000000111010000
00100110000111001001111000000011
00100110001111011010111110001111
00100110010010100001110110100111
00100110010100111100111010000010
00100110010111100101110101010110
00100110011011110001101101101110
00100110100000100000100111001010
00100110100011011011000100100010
00100110100101100110110001110101
00100110100110010101000101110000
00100110100100101100011100110110
00100110100001111110001100110110
00100110011110101100101001011010
00100110011011101010101101010100
00100110011001001010100000101000
00100110010110011000000001111100
00100110010011111100100001100100
00100110010010010010101111100100
00100110010000001101001001110001
00100110001100010011100011110111
00100110000111101011111011110110
00100110000100011111111110010000
00100110000010101110101010101111
00100110000001000110101111011011
00100101111110111000001001011010
00100101111101110000100101010000
00100101111111001001111100111100
00100110000000001011111010100011
00100110000000011001110000110011
00100110000001001101101100000010
00100110000001111011010111110111
00100110000000100100101101110000
00100101110100010110011111000011
00100101011011010000010001111011
00100101100100001110110001101110
00100101111111101010100110010000
00100110001000100110000110010000
00100110001101011001111101001110
00100110010001001000110010010010
00100110010100100001100011010111
00100110011000010110110010001110
00100110011011111101110000010011
00100110011110101000010110000000
00100110011110100110100101011100
00100110011011110110110100101101
00100110010110101001010110100111
00100110010010000011110111011110
00100110001110111101000011100101
00100110001110001000001111100101
00100110001101110110010101011001
00100110001101010110111001010110
00100110001100001111111011110000
00100110001010101010110101001111
00100110001000010110011110110001
00100110000101001100111001010100
00100110000010000101000011110011
00100110000000100010110100110101
00100110000000000000000111100100
00100101111101010010100110101010
00100101110111000110000010001010
00100101101111100110101000001001
00100101101010101100010111010010
00100101101000110110100011001101
00100101101001111110111000011111
00100101101101001011111100100011
00100101110000101000100100011010
00100101110000111010011011100001
00100101101001010010011001010011
00100101010000010011110110110001
00100101011011011101001000110101
00100101110101100100000101100011
00100110000011000101010111111010
00100110001000001111011000100011
00100110001100001100100101111001
00100110001111010101100101010100
00100110010010000110111100010000
00100110010011111111110010000011
00100110010100100110100101011110
00100110010010100000101011011100
00100110001101111100000110010101
00100110000111111110111000010011
00100110000011100010101111010001
00100110000001001010111101001110
00100110000001000111110101101010
00100110000001111100010111101010
00100110000010110110011010110101
00100110000010101111001110100001
00100110000001100110100000011000
00100101111111010000000101000110
00100101111010111111110001010110
00100101110111100110010100001000
00100101110111011001000110101010
00100101111000101011100000100000
00100101110111101011101001011111
00100101110001101000110000111000
00100101101000001011111101110000
00100101100000100000001110001000
00100101011001010111010000011011
00100101011010011101010101100000
00100101100000001010111000100001
00100101100011101110101100011010
00100101100101000011111011001101
00100101100000011010101000000101
00100101000110110110111000101111
00100101010000101011001100100101
00100101101100100001001101100000
00100101111011101010010110001000
00100110000011000010111001101010
00100110000110110100011010110000
00100110001000110111111011000101
00100110001001101000010110011101
00100110001001010100010010111100
00100110001000001010001100000100
00100110000101011101100100000100
00100110000001000101100101110110
00100101111000010001011101001011
00100101110000110011011000000110
00100101101101000000011110000000
00100101101100110101100101001111
00100101101110101111001111000001
00100101110001011111100110001001
00100101110010111001100001111110
00100101110010011001111000001100
00100101110000100001110010101100
00100101101110011110001000000111
00100101101101001010010110010100
00100101101101011011111100010110
00100101101110010111101101100010
00100101101100110110101100001000
00100101100111010110100010000100
00100101011101111101110011001001
00100101010000101011101001110100
00100101001010001111101110000001
00100101001011011010101100000100
00100101010000000001101110011011
00100101010101010011101001000011
00100101010111011110011010000110
00100101010001000111011011010010
00100100111011101101010011010011
00100101000011101000000111100110
00100101100001000101000001000111
00100101101101011111101100001011
00100101110110110011111101001001
00100101111101000010110100110010
00100101111110101110101011010011
00100101111100110001101011011101
00100101111000111010100001111011
00100101110100111001001111100110
00100101110000100111100110110000
00100101101011001011101011111101
00100101100101010100101011010111
00100101100000010111100111011011
00100101011011001000000111000000
00100101011001100111100001011100
00100101011011001000010010110010
00100101011110011010101000001100
00100101100000101101111100001000
00100101100001100001101011000101
00100101100001110111100001011111
00100101100001110001010101001011
00100101100001110110100111110010
00100101100001101111000011000101
00100101100001100010110001100011
00100101011110101010110011011100
00100101010101111111100010001010
00100101001010000011111001111100
00100101000001001010010000100110
00100100111010000110000010101001
00100100111100001111000000100000
00100101000000111101000001011010
00100101000100000110000010010011
00100101000101100010011111111111
00100101000001110000001110110100
00100100101001110000111000100000
00100100100110001010100001010011
00100101000011110001011101101011
00100101010010010101100101110011
00100101011110001110111101101101
00100101100010111100110100110010
00100101100011010010101110110101
00100101100000101110110010101111
00100101011010001100000010011000
00100101010011110101100110000111
00100101001111001110110000011001
00100101001010011111011110010000
00100101000101100110110001000001
00100101000000110100111111111001
00100100111011101110011000000111
00100100111001000100110111101010
00100100111001100111100110000100
00100100111100101000010011011101
00100101000000100100011100010000
00100101000010101110100100111110
00100101000100110110001000000000
00100101000110000010011000011000
00100101000110111101111000101110
00100101000101111010010001011100
00100101000100000000110111110010
00100100111111010011111000101000
00100100110100101110111110101000
00100100101000110001000101111001
00100100100000111100110110011010
00100100011100000000111100111000
00100100011111011100001001011011
00100100100010100010100111111100
00100100100100111111011010011101
00100100100110000000000011100000
00100100100010010010010100011000
00100100001010111011011110100000
