00100110001111100100110010010010
00100110010111100000000000101001
00100110011011011101110111011001
00100110011011011101110111011001
00100110010100000100010101101100
00100110010100000011100011110010
00100110010010110101110000000001
00100110000111000100111100100011
00100110000101000010110011010111
00100110000100000001011100111110
00100110000010110010101111010010
00100110001100000110111000011110
00100110010001001000010011111111
00100110010001011010110000111101
00100110010110111111100001010001
00100110011000100010100110001110
00100110010011010111010100001110
00100110010111011110000111110010
00100110011011011010011100100010
00100110011011011101110111011001
00100110011011011101110111011001
00100110010000111110111110110010
00100110001100100011010000111101
00100110001011000000101100000010
00100110000000010101100100100100
00100101111100011110000000011100
00100101111100010010001101110001
00100101111010100110010011011110
00100110000101010010101111100010
00100110001001101100110100011110
00100110001100100100001101001111
00100110010110111111100001010001
00100110011000100010100110001110
00100110010011010111010100001110
00100110011000101000101000011011
00100110011111111111011001101100
00100110100001011101011101101110
00100110100011100001110010011110
00100110100011100001110010011110
00100110011001110011110000110000
00100110000011100011001101000001
00100101101001101011000111010001
00100101101011001000100111010101
00100101101100001000100101110101
00100101101010100011000001101100
00100110000010111010100110010010
00100110010111111011101011100001
00100110100010101000110101110111
00100110100010101011011100000111
00100110100000111111111111101010
00100110011010011100010011010101
00100110010110100010001101001100
00100110100001110111100111110101
00100110101000001010001100010110
00100110101010000010100110001100
00100110101001011110100010011111
00100110100000011000001110110001
00100110001100011110111000111111
00100101111001110011110001100100
00100101101101000001100100110110
00100101101101010000010100100100
00100101110110001110001000100110
00100110001010110110001000000111
00100110011110001110000100001101
00100110101000011111010010011010
00100110101010000001100101000010
00100110101000101000110110100011
00100110100100100101011110000101
00100110010111100100111010110010
00100110100011000010110101101101
00100110101000001010001100010110
00100110101010000010100110001100
00100110101001011110100010011111
00100110100000010110111110110001
00100110010010111101110011100000
00100110001110101010011100011110
00100110001101011101111101010100
00100110001101101011010001010001
00100110010000110111111010000110
00100110010100000101101110110011
00100110011101100110000000010010
00100110101000011111010010011010
00100110101010000001100101000010
00100110101000101000110110100011
00100110100110010101000001001100
00100110011001101011001010011111
00100110100011110111001000000111
00100110100111011001110010000001
00100110100111011001110010000001
00100110100010011101011110101011
00100110011000111010000010011010
00100110011001010011001101010001
00100110100000000110001111100111
00100110100100100110101101110110
00100110100100100110101101110110
00100110100001101111000101011101
00100110011110011100001010001001
00100110011001001000001111011100
00100110100000111000011011100101
00100110100101010000111010000001
00100110100110010101000001001100
00100110100110010101000001001100
00100110010111000000111010000110
00100110100011110111001000000111
00100110101010010011000001111101
00100110101010010011000001111101
00100110100111010111101011101011
00100110100100101010000001000100
00100110100100001101110111000110
00100110100000101010010000101101
00100110100101101010110110000101
00100110100101101010110110000101
00100110100001101111000101011101
00100110100011101001101111000001
00100110100100101100101110001000
00100110100110111100110100001100
00100110101010111100110011000100
00100110101010111100110011000100
00100110100101000001011101111001
00100110001010011011100010110010
00100110100000101110111100000000
00100110101010010011000001111101
00100110101101000000101101000011
00100110110111011100101001010110
00100111000000000100000001110100
00100111000000000100000001110100
00100110110011101000110011100110
00100110100011100001001010111110
00100110100011100001001010111110
00100110101111000011000101000100
00100110111110001110010101110101
00100110111110101101001100111100
00100110111010111110011011100001
00100110110000000010100001110011
00100110101100111011100110111000
00100110100110001000000100010010
00100110001101111100110001101000
00100110010110000100001001111110
00100110101000010001111110011000
00100110101101000000101101000011
00100110111001010000010101110010
00100111000010100110001110110000
00100111000010100110001110110000
00100110110110110010111110100000
00100110100001010110101001010011
00100110011111001110100100111101
00100110110001111010010010011110
00100111000001101000101011110100
00100111000001101000101011110100
00100110111101101100000011000000
00100110110000000010100001110011
00100110101100101100110111100100
00100110100110001000000100010010
00100110100011011100101010101010
00100110100101000101111100101100
00100110100101000101111100101100
00100110100101101001011100010000
00100110110011011111100100100110
00100110111110101101110111110001
00100110111110101101110111110001
00100110110001000111000001010111
00100110011100110101110010001011
00100110011001111101111001011001
00100110101100111110101000101011
00100110111100111010011001110000
00100110111100111010011001110000
00100110110111001100111010010101
00100110101001011011111010011000
00100110100100111010101010000110
00100110100001011101111010000001
00100110100101110000110110100111
00100110101011001000110000101010
00100110101011001000110000101010
00100110100011001111100101110010
00100110100011110010111110011001
00100110100110111001111111011000
00100110100101100111000000011011
00100110100001011001000001111011
00100110100010001111100000010101
00100110100011110011001000101000
00100110100011110011001000101000
00100110100010010101010010000111
00100110100100000001010000101111
00100110100010101010110000010000
00100110100011000001010101101100
00100110100101001111001001010101
00100110100100101000101111011101
00100110100100110000000011111000
00100110101011001000110000101010
00100110101011001000110000101010
00100110100011001111100101110010
00100110100000001101111111011111
00100110100010100101101110000101
00100110100110101111011011110101
00100110101010001101110111101011
00100110101010001101110111101011
00100110101101010011101001111110
00100110101101100011001100101101
00100110101010010010010111000011
00100110100001111101100100010010
00100110100001111101100100010010
00100110100101001010011100101010
00100110100101111110011001101001
00100110100100101000101111011101
00100110100001101110110110000111
00100110100010000000011111111100
00100110100010000000011111111100
00100110100001010010110011000100
00100110101011001100011100110101
00100110101011001100011100110101
00100110100111100010100001100010
00100110101010001101110111101011
00100110101010001101110111101011
00100110101101010011101001111110
00100110101101100011001100101101
00100110101010010010010111000011
00100110100010111010010101111100
00100110100100101011100100000101
00100110100101011101111000110001
00100110100101011101111000110001
00100110100010010100011001111100
00100110100001001111111010111011
00100110100001001111111010111011
00100110011010011011100100111110
00100110100101110000010001111100
00100110101111110000110000110110
00100110101111110000110000110110
00100110101010101001010110110010
00100110100011011001100110100111
00100110100001100010100110000001
00100110100000101111011011010100
00100110011111111011001000100011
00100110010101110001011010101111
00100110100001001000010000101001
00100110100100101011100100000101
00100110100100101011100100000101
00100110100011110100001000000011
00100110011011000010001111110010
00100110010111000011111110111110
00100110010111000011111110111110
00100110011011110010000110001101
00100110100101110000010001111100
00100110101100101010101001001010
00100110101100101010101001001010
00100110101000011000010011000110
00100110100010000001111010111110
00100110011011010101100010111011
00100110010111001100000110100111
00100110010001011101111110100111
00100110000111010011110101010000
00100110001010000110001000000000
00100110010000011100010111010001
00100110010000011100010111010001
00100110001111111100000000100101
00100110001010101011000000001110
00100110001000100110010110111000
00100110010001001001000110011010
00100110011000010111001001010011
00100110011110101000101111101001
00100110011110101000101111101001
00100110011011110111001101001110
00100110010010000100001011111110
00100110001110001000100010011110
00100110001101010111001011111011
00100110001010101011000110101101
00100110000101001101001000100011
00100110000000100011000010001010
00100101111101010010111111110000
00100101101111100110111011101001
00100101101101001100001111000011
00100101110000111010101111100011
00100101110000111010101111100011
00100101111011101010101110100100
00100110000110110100101010101001
00100110001001101000100111100000
00100110001001101000100111100000
00100110001000001010011100100000
00100110000001000101110011011001
00100101110000110011101100000101
00100101110001011111111010011010
00100101110010111001110110110100
00100101110010011010001100110101
00100101101110011110011011001001
00100101101110011000000000100001
00100101101100110110111110011111
00100101011101111110001100100001
00100101010000000010000010000110
00100101010111011110110000110100
00100101010111011110110000110100
