00100110001111100100011110110011
00100110010111011111101001111011
00100110011011011101011111000011
00100110011011011101011111000011
00100110010100000100000000011000
00100110010100000011001110011110
00100110010010110101011011001101
00100110000111000100101100100011
00100110000101000010100100001100
00100110000100000001001110001110
00100110000010110010100001000010
00100110001100000110100110011010
00100110010001000111111111111000
00100110010001011010011100101110
00100110010110111111001010110000
00100110011000100010001111000100
00100110010011010110111111001100
00100110010111011101110001000100
00100110011011011010000100001101
00100110011011011101011111000011
00100110011011011101011111000011
00100110010000111110101010101110
00100110001100100010111110101110
00100110001011000000011010011011
00100110000000010101010111010101
00100101111100011101100111101011
00100101111100010001110101000101
00100101111010100101111011011110
00100110000101010010100000010001
00100110001001101100100011011001
00100110001100100011111010111111
00100110010110111111001010110000
00100110011000100010001111000100
00100110010011010110111111001100
00100110011000101000010001001111
00100110011111111110111111011111
00100110100001011101010000000001
00100110100011100001100011111011
00100110100011100001100011111011
00100110011001110011011001000101
00100110000011100010111110011110
00100101101001101010110110001101
00100101101011001000010101101011
00100101101100001000010011110001
00100101101010100010110000010001
00100110000010111010010111111111
00100110010111111011010100100111
00100110100010101000100111101011
00100110100010101011001101111010
00100110100000111111110010001001
00100110011010011011111011011010
00100110010110100001110110110111
00100110100001110111011001111110
00100110101000001001111011111010
00100110101010000010010100111110
00100110101001011110010001100000
00100110100000011000000001100001
00100110001100011110100110110001
00100101111001110011011001111001
00100101101101000001010010011010
00100101101101010000000010000010
00100101110110001101110010011001
00100110001010110101110110100100
00100110011110001101101010101110
00100110101000011111000001110101
00100110101010000001010011110101
00100110101000101000100101111010
00100110100100100101001111000110
00100110010111100100100100000010
00100110100011000010100111010111
00100110101000001001111011111010
00100110101010000010010100111110
00100110101001011110010001100000
00100110100000010110110001100001
00100110010010111101011110101000
00100110001110101010001001010111
00100110001101011101101010101101
00100110001101101010111110100100
00100110010000110111100110000101
00100110010100000101011001011110
00100110011101100101100111000100
00100110101000011111000001110101
00100110101010000001010011110101
00100110101000101000100101111010
00100110100110010100110001100000
00100110011001101010110010111000
00100110100011110110111001011011
00100110100111011001100001111001
00100110100111011001100001111001
00100110100010011101010000100100
00100110011000111001101011000111
00100110011001010010110101110011
00100110100000000110000010011110
00100110100100100110011110110111
00100110100100100110011110110111
00100110100001101110110111101001
00100110011110011011110000100101
00100110011001000111111000000011
00100110100000111000001110000111
00100110100101010000101010110001
00100110100110010100110001100000
00100110100110010100110001100000
00100110010111000000100011100100
00100110100011110110111001011011
00100110101010010010110000101001
00100110101010010010110000101001
00100110100111010111011011100011
00100110100100101001110010000100
00100110100100001101101000010001
00100110100000101010000011010101
00100110100101101010100110101010
00100110100101101010100110101010
00100110100001101110110111101001
00100110100011101001100000011011
00100110100100101100011111000110
00100110100110111100100100001111
00100110101010111100100001011111
00100110101010111100100001011111
00100110100101000001001110101111
00100110001010011011010001011010
00100110100000101110101110100110
00100110101010010010110000101001
00100110101101000000011010101000
00100110110111011100010010101001
00100111000000000011110100101100
00100111000000000011110100101100
00100110110011101000011110011101
00100110100011100000111100011011
00100110100011100000111100011011
00100110101111000010110001110011
00100110111110001101111100010110
00100110111110101100110011010001
00100110111010111110000011011000
00100110110000000010001110001000
00100110101100111011010100011111
00100110100110000111110100101011
00100110001101111100011110110100
00100110010110000011110011110101
00100110101000010001101101111001
00100110101101000000011010101000
00100110111001001111111110010110
00100111000010100110000000100110
00100111000010100110000000100110
00100110110110110010101000000100
00100110100001010110011011101001
00100110011111001110001011000100
00100110110001111001111110000010
00100111000001101000011110000011
00100111000001101000011110000011
00100110111101101011101001101111
00100110110000000010001110001000
00100110101100101100100101010001
00100110100110000111110100101011
00100110100011011100011100001001
00100110100101000101101101100000
00100110100101000101101101100000
00100110100101101001001100110110
00100110110011011111001111100001
00100110111110101101011110000101
00100110111110101101011110000101
00100110110001000110101101010000
00100110011100110101011001010001
00100110011001111101100001101010
00100110101100111110010110010000
00100110111100111010000000110100
00100110111100111010000000110100
00100110110111001100100011101110
00100110101001011011101001011010
00100110100100111010011010111111
00100110100001011101101100010100
00100110100101110000100111001010
00100110101011001000011111000000
00100110101011001000011111000000
00100110100011001111010111010111
00100110100011110010101111101111
00100110100110111001101111011101
00100110100101100110110001000010
00100110100001011000110100010000
00100110100010001111010010010100
00100110100011110010111001111110
00100110100011110010111001111110
00100110100010010101000100000011
00100110100100000001000001111111
00100110100010101010100010000100
00100110100011000001000111010110
00100110100101001110111010000101
00100110100100101000100000011101
00100110100100101111110100110101
00100110101011001000011111000000
00100110101011001000011111000000
00100110100011001111010111010111
00100110100000001101110010010011
00100110100010100101011111111011
00100110100110101111001011111110
00100110101010001101100110011001
00100110101010001101100110011001
00100110101101010011010111011011
00100110101101100010111010000011
00100110101010010010000101101111
00100110100001111101010110011000
00100110100001111101010110011000
00100110100101001010001101011100
00100110100101111110001010000110
00100110100100101000100000011101
00100110100001101110101000010011
00100110100010000000010010000001
00100110100010000000010010000001
00100110100001010010100101011100
00100110101011001100001011001001
00100110101011001100001011001001
00100110100111100010010001010110
00100110101010001101100110011001
00100110101010001101100110011001
00100110101101010011010111011011
00100110101101100010111010000011
00100110101010010010000101101111
00100110100010111010000111101001
00100110100100101011010101000100
00100110100101011101101001011011
00100110100101011101101001011011
00100110100010010100001011111001
00100110100001001111101101010100
00100110100001001111101101010100
00100110011010011011001101000011
00100110100101110000000010011111
00100110101111110000011101010010
00100110101111110000011101010010
00100110101010101001000101010101
00100110100011011001011000000111
00100110100001100010011000010010
00100110100000101111001101111010
00100110011111111010101110011000
00100110010101110001000100101110
00100110100001001000000011000101
00100110100100101011010101000100
00100110100100101011010101000100
00100110100011110011111001011001
00100110011011000001110111100111
00100110010111000011101000011011
00100110010111000011101000011011
00100110011011110001101101101110
00100110100101110000000010011111
00100110101100101010010110111000
00100110101100101010010110111000
00100110101000011000000010100100
00100110100010000001101101000010
00100110011011010101001010101000
00100110010111001011110000000001
00100110010001011101101010010111
00100110000111010011100101001010
00100110001010000101110110110001
00100110010000011100000011011100
00100110010000011100000011011100
00100110001111111011101100111101
00100110001010101010101110110000
00100110001000100110000110010000
00100110010001001000110010010010
00100110011000010110110010001110
00100110011110101000010110000000
00100110011110101000010110000000
00100110011011110110110100101101
00100110010010000011110111011110
00100110001110001000001111100101
00100110001101010110111001010110
00100110001010101010110101001111
00100110000101001100111001010100
00100110000000100010110100110101
00100101111101010010100110101010
00100101101111100110101000001001
00100101101101001011111100100011
00100101110000111010011011100001
00100101110000111010011011100001
00100101111011101010010110001000
00100110000110110100011010110000
00100110001001101000010110011101
00100110001001101000010110011101
00100110001000001010001100000100
00100110000001000101100101110110
00100101110000110011011000000110
00100101110001011111100110001001
00100101110010111001100001111110
00100101110010011001111000001100
00100101101110011110001000000111
00100101101110010111101101100010
00100101101100110110101100001000
00100101011101111101110011001001
00100101010000000001101110011011
00100101010111011110011010000110
00100101010111011110011010000110
00100100001010101110110011010001
00100100011011101001101101110001
00100100100010110100010000101110
00100100100011010100011110010101
00100100011110101000011010110110
00100100011111001001010010000001
00100100010111100011001011011000
00100100001110011111010001001101
00100100001101011001010110101101
00100100001011100000111011111011
00100100001010011100011010010110
00100100010000110000111001001110
00100100011010011111101000001111
00100100011101001011100011111001
00100100100000100100001100010001
00100100100000111101000110111111
00100100001100110110000010100110
00100100011001000100110110110001
00100100100111010101011111101101
00100100101000010110001000101111
00100100100010100011111110111000
00100100010111010111001110011111
00100100010001111010111000110111
00100100001001010101000111100100
00100100000010001010000100011100
00100100000010101011111100011110
00100100000011100111101011000111
00100100000010010001101011100110
00100100000101110110100100110111
00100100001110010111011010111110
00100100010011110111001111011011
00100100011111010110001010001110
00100100100100101111100111001010
00100100010011101011100000101111
00100100011100111000110100100010
00100100101010100100100011110010
00100100101010111110011101011010
00100100100111111110111011111001
00100100100011101110111110010011
00100100010101111101101010011011
00100100000011100011010000010011
00100011110110011000111100001000
00100011111001110000100000001111
00100011111101011110111111111001
00100011111010001011101100001010
00100100000010111100101011000000
00100100010100100100000011111110
00100100100010010101010111000111
00100100100110100011000000010111
00100100100111011000111110111000
00100100011001010110010011100110
00100100010110111101110011111111
00100100101010100110010101011111
00100100110010101110111010100011
00100100110111101011111010001001
00100100110011100000110000011000
00100100100100110101111101001110
00100100001110010001111000101101
00100011111110101000100101100011
00100011111011100110101110001111
00100011111101010101011011101010
00100011111110011100010100010011
00100100001100011100111000010101
00100100100011101100111010101100
00100100110001101100111101101000
00100100110111001011010100101011
00100100110010101110100001110001
00100100100101100000000010110011
00100100010110010110011110100001
00100100101011110000110100011111
00100100110100111011111111110111
00100100110111110001000101000110
00100100110001010001000010100110
00100100100110110100011111010001
00100100011101010110010000011010
00100100010001100011011110001100
00100100001110110001101001000000
00100100001111011010110001101110
00100100010010001000011101000110
00100100011101001011101010101011
00100100100101110000000101001100
00100100101111001101110110101000
00100100110110111000100100101101
00100100110111000011010011010101
00100100101101001011001110100100
00100100011100101010011010100100
00100100101101111001110111111010
00100100110101100000100100111110
00100100110100000111110101010011
00100100101100000111111101001001
00100100100111001000001101101110
00100100100110001001001000001101
00100100100110101011010011110010
00100100101001101110100101001111
00100100101010101001101011011110
00100100101001000011010001011100
00100100101000100101111101101111
00100100100111001011110100110110
00100100101010000000011011001010
00100100110001101001010000101010
00100100110101011100010100110110
00100100101100111101010110110101
00100100010110100010010111011110
00100100101001111111101010100011
00100100110110111010111001101101
00100100110111111011000100110011
00100100110000011100100010011101
00100100101100110100101000011111
00100100101011110011010001011101
00100100101100010011110010111110
00100100110001101110111010001011
00100100110010100111000011011011
00100100101101111100110011000110
00100100101100111110111111110000
00100100101100101111111010011011
00100100101111000010111110110111
00100100110110001101011000001100
00100100110111100010111100000101
00100100101001000101101011101111
00100100001110000100101001101001
00100100100011000011100100111011
00100100110100001101111101001001
00100100111100110110011111110111
00100100111111011100000110100011
00100101000010110010111000100111
00100101000001011010010010001100
00100100110100101110010101101011
00100100101110100100101001000110
00100100101110001010001100000011
00100100110010001110111101101001
00100100111111101001100111000001
00100101000011000010111101000100
00100101000000110101110111001001
00100100111111011110010111100001
00100100111011011101000010010101
00100100101001011100101101001100
00100100010000110000000011000010
00100100100000011101010101011010
00100100101101000001111011010100
00100100111000010110000101001001
00100101000010011101110000111101
00100101001011101101011111100010
00100101001010110110100001101110
00100100111011101010110100100000
00100100101010110101011101000111
00100100101001101111101101001011
00100100110111001100011011100111
00100101001000010001110001100110
00100101001100100010010101111011
00100101000101001011011011100100
00100100111101110101111101110000
00100100110111011100100111011010
00100100101000100010010111100110
00100100100001111010110001100110
00100100101011011001010010110110
00100100101101010101110010110010
00100100101101010101111010100100
00100100110101010111100111110000
00100101000001111100110111110110
00100100111111101110110011001010
00100100101101010000000010011101
00100100100011111010110010100111
00100100100011101000100000110111
00100100101010111111011101000011
00100100111011101111111111000101
00100101000001100010111001010010
00100100111001001001000101000100
00100100110001101010000101011000
00100100101111111011101100011101
00100100100101100001101010111110
00100100101001101000111111011110
00100100110111110001101101000001
00100100110110011111101010001001
00100100101000111010010011100010
00100100101001011100101001111001
00100100110010010010001010000011
00100100101100111110100011001110
00100100100111011101011100101010
00100100100111100111010001010111
00100100101000100100011010101010
00100100101001000000011010011001
00100100101011010100110111010111
00100100101110011110100101001110
00100100101100010000111010100000
00100100101101000001001011110100
00100100110001011101000110001011
00100100100111101101111110001110
00100100101000110010111111001010
00100100110101000100000101011010
00100100110011111000001001101111
00100100100101101001110100011101
00100100100110010001000000001110
00100100101111010100101011110011
00100100110001010010100100101101
00100100110101110111000010011101
00100100110111100100000011100111
00100100111001101001111010011101
00100100111011000011011000100011
00100100110011011111011100011001
00100100101110111011011100000001
00100100101101111101111010000000
00100100110000011011011110010111
00100100110100100011011000101011
00100100100111100101100010110010
00100100101001011000010010011010
00100100101100110010111101011011
00100100100110110011100001001111
00100100100101001100011010011001
00100100101110111110000001101011
00100100110101001110010111001010
00100100110100010111011100011001
00100100110110010100111111001011
00100100110101111011001011011101
00100100110110101100100101010001
00100100110101100100101101101110
00100100101101101001101110001110
00100100101101010010100001001000
00100100110010011100010011101010
00100100110011111001010101111100
00100100110010001100011010010001
00100100100001000011100010111000
00100100100101010101100010101101
00100100101000010100110001010010
00100100100100111011010010101000
00100100101100101100110101100111
00100100111011001111111011111101
00100100111110100111001111011000
00100100110110001101111011000110
00100100101111110010110001001111
00100100101011111101101001001000
00100100101001111110000000100111
00100100100100100010111101010000
00100100011110110110101110010000
00100100100010111001000010100100
00100100101010101100111110011111
00100100101100001000100111000001
00100100101000110001101010011111
00100100010011110000000111111101
00100100010101100100001111111101
00100100100011110110101110010000
00100100100111010110010001011001
00100100101101111100111101111001
00100100110100100011111000111111
00100100110011001101000000010111
00100100101100011100101011101100
00100100100111111101110100000110
00100100100100110010010010100110
00100100100001101101001110001101
00100100011001000110111011110000
00100100010001111010010010110101
00100100001110111110100001100111
00100100001111100011011010111001
00100100010000111110100111110101
00100100010001010111101010101101
00100100000011101001000111101001
00100100000101000010111000111100
00100100011001010101100011000101
00100100100001101011011011110010
00100100100100100010101001000101
00100100100011100101101000101110
00100100011011011101101110001110
00100100010010010010011101110011
00100100010001100100001101010101
00100100010001101111001111111110
00100100001110000001100001100111
00100100001001001011010010101111
00100100000111100101010111011111
00100100000001111110011000010111
00100011110001011011110101000111
00100011101101100101110110111111
00100011110100001011010000001011
00100011101011010001110000100001
00100011101100011001100111001010
00100100000100110011000101010111
00100100001010011010011110001111
00100100001000010111010000100000
00100100000010111100111000111110
00100011110110011111100111100001
00100011101100000000000001101101
00100011101011111010101100010001
00100011101111100001110101111001
00100011110000001110000011101101
00100011101111010101110111101010
00100011101110000101110001101111
00100011100101011001101000101111
00100011010001011100011010001111
00100011001011110101001010010111
00100011010010111001111110101110
00100011001011110000100101111110
00011111000010100110101011010001
00011111010010110101000000011111
00011111011010000010101100000110
00011111011001011111010011110011
00011111010011110001110100111111
00011111010010000100110100110110
00011111001100100000111001001001
00011111000101111101011010010110
00011111000100011010110111011101
00011111000011010000101100010100
00011111000010110111110001111111
00011111000111100100011111000110
00011111001110100000000011010001
00011111010001110001111100010111
00011111010101100001100100011010
00011111010101100101011110010111
00011111000011111100100000011000
00011111010000111001000100111111
00011111100011001101100001100011
00011111100100100101000110111100
00011111100000011101100101100111
00011111010110001100100110100101
00011111001111101000100100000001
00011111000111100011011001101011
00011111000001001101010000001001
00011111000000111011111110010100
00011111000001011001101011101010
00011111000000110011011100010001
00011111000100100110011011101011
00011111001100100000110101110111
00011111010011000010101011101010
00011111011100001000011000001100
00011111100000101000000010110111
00011111001101001111011010011111
00011111010100000101101101100000
00011111100110000101011100100111
00011111100111110011110011111010
00011111100101101010000101010111
00011111100001001011010010100011
00011111010010110011100000010011
00011111000010101111010110100101
00011110110101001111011000100101
00011110110101110110110100110010
00011110111000010111001101111011
00011110110111101111000010011011
00011111000010000100100101011001
00011111010001001011110011110101
00011111011111110010000110101010
00011111100100001001011111100101
00011111100100001100101110110010
00011111010010101101100001111001
00011111010000111000011001110010
00011111100110110010110100010100
00011111101101111101110101000100
00011111110001000111111100010000
00011111101100111011001011101011
00011111100001010011100111011001
00011111001011110101000011101001
00011110111110001000011001101010
00011110111001101101010101111111
00011110111010111110111111110101
00011110111110011000000010010000
00011111001010100110101100110000
00011111100000010000110111111000
00011111101011011111110101101110
00011111110000011101001111101000
00011111101101100010011101101000
00011111100000001111010010001010
00011111010000110010010110100000
00011111100111111000011101011111
00011111110000001100111000000001
00011111110010010111001111000111
00011111101100111010101110111100
00011111100011111011101110101010
00011111011000111111101101000011
00011111001111011101001010110001
00011111001101001100100111011011
00011111001101110100000011110111
00011111010000010101111101101101
00011111011001001010010111111001
00011111100011000100010010110010
00011111101011001111100101011100
00011111110001100001111000000010
00011111110001101110110011100000
00011111100101110111001100010101
00011111010100001001000101010001
00011111101001001110111110010100
00011111110000101000011111111110
00011111110000000011000101111111
00011111101001101000001000101101
00011111100100101001010001100000
00011111100010111000111110011011
00011111100011000101001101100100
00011111100101010101101100110101
00011111100110000110100001100011
00011111100100111101100101010111
00011111100100101001010100001101
00011111100100100111011101101111
00011111100111111000000000101001
00011111101110001010111000011101
00011111110000110111101100000101
00011111100101111101001110011001
00011111001111110011000000101110
00011111100110100011010100000111
00011111110001010001001000001100
00011111110010111101011010011001
00011111101101111101111001001000
00011111101011000101011000000000
00011111101001110111101111000110
00011111101001100111101010111111
00011111101100100110000111011110
00011111101101001101000100000000
00011111101010110001100111100100
00011111101010101100011100011010
00011111101011000110010001011110
00011111101101000001000111110010
00011111110001111100000110100000
00011111110010010011011101100000
00011111100011111010000101010100
00011111001001000110101001101100
00011111100001010000011000100000
00011111101110111001001110000100
00011111110110110010100110010111
00011111111010001000010110010101
00011111111110110110111101110011
00011111111100010001010011111100
00011111110001010100111101010001
00011111101011010110010000101011
00011111101010111001010100001111
00011111101111010100011010001001
00011111111001111101111000100011
00011111111111001011101001101110
00011111111100000001010101011010
00011111111001011011010101011100
00011111110101000011001101111001
00011111100011111101010000111110
00011111001011010011000001000110
00011111011111010010110010011000
00011111101001110100110100100100
00011111110011010101111100010011
00011111111110001101110011111010
00100000000101101110000110101000
00100000000100100011011111110101
00011111110101101111111110101010
00011111101000000100110000001110
00011111100111000101011111100100
00011111110010001011101101011100
00100000000010101001101010100101
00100000000110001011000111001111
00100000000001001101100001001010
00011111111000011010011010111111
00011111110010000011111001000000
00011111100010110100000110101110
00011111011001111100010110110111
00011111100111101111101001010111
00011111101010001100001100111111
00011111101011000001011001100000
00011111110010010011100010100000
00011111111101010010110001011110
00011111111001111010010111010000
00011111101011001111000101011000
00011111100010100011010110011011
00011111100010001101000001011101
00011111101001010001011010001111
00011111110110101110011101111111
00011111111100100101101100111001
00011111110101011110010011000110
00011111101110111011001100101110
00011111101100010110100111100111
00011111100000101001000000100101
00011111100011000111100101010010
00011111110001000010101010100101
00011111101111110111101011011000
00011111100110111000101100100110
00011111100111100010010001000101
00011111101110001010100001111011
00011111101011011100110010101101
00011111100110101000110000101110
00011111100101110000110111101000
00011111100110100101001101110110
00011111100111110110001111011101
00011111101010010001010110010101
00011111101100001001100001111110
00011111101010010101101001110010
00011111101010100001010110011001
00011111101100101000110011011100
00011111100001110011111001010100
00011111100011001000111011111010
00011111101111100110110000010111
00011111101101100011011111001011
00011111100100001101110011110011
00011111100100110111011110010011
00011111101011011100110110100110
00011111101101011000111100011101
00011111101111111000101001111110
00011111110001100001000100110101
00011111110011001010011011111001
00011111110011010100111101110110
00011111101110010101010010110000
00011111101011001001001001110100
00011111101010110101011011000011
00011111101100111010111110111111
00011111101110101010001111001000
00011111100001101100100100110011
00011111100010010101011001110101
00011111101001000010010001011101
00011111100100111010110011101101
00011111100100000111010110100001
00011111101011011111111001011111
00011111110000111011001000111010
00011111110000101100111001011011
00011111110001010110010100010100
00011111110001001110100110010011
00011111110001100010001001101000
00011111101111110101011011000010
00011111101010000110010010110111
00011111101001011110010000100100
00011111101101001001101011001000
00011111101110110101000011011111
00011111101100011010101010001010
00011111011010001001100001101101
00011111011101100100010000000011
00011111100100101100110111011111
00011111100011001000000100001111
00011111101001001110110001100001
00011111110100000111100010111010
00011111110111000001011101110011
00011111110001010010101011110100
00011111101100001001101000011001
00011111101001000011110100100000
00011111100110110111100001100110
00011111100010100010000010110101
00011111011100110001101111101000
00011111100000011111001101110111
00011111100101110110001001010111
00011111100111010111100001111111
00011111100011111101000100101111
00011111001101100010011111010101
00011111001110100000110110110111
00011111100000011001110000111001
00011111100011110101101101101011
00011111101001100100100100000011
00011111101111000101010010000101
00011111101110000011110110001001
00011111101000011101001011011011
00011111100100001111011001111110
00011111100001011110001010011010
00011111011101000110100011111001
00011111010100101110001101100011
00011111001110100000100001000000
00011111001100100111010011111110
00011111001101011000101101001010
00011111001110011101101101111000
00011111001101001011011111010111
00011110111110010111100010100010
00011111000000110000100010000101
00011111010011101100011011000111
00011111011100111000010000001110
00011111100000111010001111000001
00011111100000010110000110110000
00011111011000000101010101000000
00011111010000001000101000111101
00011111001110000111101111111000
00011111001101011100101000100110
00011111001010010010101100110111
00011111000110001100011101000011
00011111000011101100100001110000
00011110111101101001101110110011
00011110110000011010111100010010
00011110101101000110111011100100
00011110110000011100001001011010
00011110100101011111001001100101
00011110100110010000000010111000
00011110111111100111001011011101
00011111000101000001001010010101
00011111000100010110011001110110
00011111000000000101110110010101
00011110110011010111001100000010
00011110101010010110010000001011
00011110101001100111111011101111
00011110101011110101011101110010
00011110101011110011110011111010
00011110101010100011101011100101
00011110101000110110010011111000
00011110100001101001101011100110
00011110001111001111110000101100
00011110001001011000100010001000
00011110001101110010110000011000
00011110000100111101011111101111
