00000000000000000000000000000000
00010101001101101111001100010110
00101111010010100001000111001110
00101011000001010000010001111111
00101000111101100101101010100100
00110011100110001001010010011101
00100000001001000010010000010011
00110101010110011010010111011010
00101011001001110111011000100100
00101111101100010110010110111000
00110110000010100010110000001001
00011000111010000110011011011110
00101001011110001110101101011100
00101111011100000010010100010100
00100100101110111001101000010110
00010110101101101001110011100101
00011001001100000101101101101110
00110001110101010010100001110000
00101111110001010110100100000010
00011010000010110101000010111110
00101000111101111110100011011010
00011011101110100010011100101000
00110010100101111001100110110111
00010111110101011010001000000110
00011101001011110101110000011010
00100011000110111000111111101110
00100110111011101100110001011000
00100001000000011101101110010000
00101100010101111100101001000000
00011101000101111111001010001110
00101011001101010110110101000110
00111001100011100001000111111010
00011000011101110000111100011110
00110110101000101101011000000100
00101001111000010000100011110000
00011101011101101111101000100010
00110001001110011111101110101010
00101010001000101000011001111011
00100111110000111011000000011110
00110000001011011011111000111011
00101001101001000000001111000100
00010111100011100001111101001111
00111001001110001010110111000000
00110101010101101111111111110010
00100010000111111011100000100011
00101010110101011101110000111000
00100001001110011000000110101110
00110001001100000111011000001101
00100000100110111011011101011010
00100100101111100100100010001110
00100100000110011011000010110010
00101001010100010110001011011100
00100111100001111000001010110100
00011111100010111011010001110000
00010101011000001001111110110110
00111001100011110111001100011100
00111001110010001000110101011110
00101011111100110000001110000100
00110111100101011101011011001000
00110101111100111111011011000100
00111010111100010111101100011100
00111010011001010100000010100110
00110001110110101011010110100100
00100101011101100001011001000100
00011010011000001100111010100110
00110101000111101110011011101110
00110011100110011101010001010111
00110110111000001101010110011000
00010111101011000000110010101110
00011000010111011111111001010100
00110100100101000110000110011011
00111000110001110100100101101110
00010101100111111110010010111001
00011100000011000000111100001111
00100010100100010000001000000101
00011011100101101011000010001010
00100101000111101001100011011110
00110001111000001100011110110110
00011100010111100101110001001000
00100110101001100110011100101111
00100110100101100111011010010001
00110010000100100101101010000000
00101010001011001000101000111111
00101011101000101001110010011100
00101111001001110010110011000111
00111011010101110111000111111000
00100100000011011001010011011011
00101100000110110001000000110000
00110010110000100101010010000110
00011010010000000111010001100100
00110100001001011001011000100010
00010111100001101101011010101011
00100010111110000100101100011000
00101111101110111010011110000010
00100011110110010101110011010000
00011111001001001001010001000101
00110111101110000001110001000110
00011100100000101110010110100101
00101011010001010011000100000010
00110001000111001010110100011100
00111000010101000110000000101010
00011111011001000100011011100000
00111011001101010000111110111100
00110011000010101110100000100000
00110111101101001010011111010001
00011010000011010010100100100010
00010111010110011110100011011000
00100010000100001111110010011111
00101010101001101100100000111010
00100011000110101100100101111110
00011010111001110010110010111100
00011010110110101100001111010000
00110101000101101110001100001001
00100110000111010100001011010101
00011010101100001011011110011111
00111010100011111010111111011010
00101100111111111011001110110110
00110011000001000010110110011011
00011000000110110100011011101010
00100101100011100110101010011001
00110110001101110101011100011110
00011000100010101010000000001100
00101111100011000101101111101101
00011001010110011000010111111010
00100111000101010010101111011101
00110100110001010000011111001010
00110101111000010100001110100110
00101111001101101001000110111011
00100001100100101100111110000001
00101111111010100100001001111000
00011110111101010001111000011100
00101111100110000010000101001111
00110011000011110001010100110110
00110101011001110111011001011100
00101110011001101010110000111010
00010110010100000000001011101010
00100100111010000000011110111100
00100001100000010111010101010101
00111010001001101110001101010110
00010101110111100010011100101100
00101010011111000100000101111000
00110000110011000101100110011100
00111010100110010100100001100100
00100000110010001010010011010100
00100011101011100110110111101000
00010111111011101110111010001100
00100111101100101100001111100001
00110101101000100111111111100001
00111011101010101010110100011101
00100111001011100000111010000100
00111011000100100000001000000111
00010110011110010101100101111110
00100000001001010000111110000101
00110001011001000001010100100100
00011110101001100111010010110110
00100111100101001001001100111011
00011101011011010011000100001110
00011010000011111101010001111001
00101000101010100111111001000010
00101010111101000000001101110100
00011111000100100011101111011010
00101100111000010001100001111100
00010111001110111110001101110110
00110010101001101001111011100001
00110111001001001110100101000010
00101001011111011000100100000000
00101110110100000000110111101110
00010101110110110110011001001010
00100101001010110110000001100010
00100010011010100111100100110010
00011001010101100100101010011010
00011000010000110100010011100110
00111000100010101111111110111000
00111001010110011001111011011000
00100111011001110010101010010000
00111011100001001011001011000110
00110101111100111000111100111000
00101110110001101100101110010000
00011100010000000100010011110000
00111011101101001111101001001000
00111001000001000100010110010000
00110101101001001010100001101101
00100001101101011111010111101011
00111100110101001011000010011110
00100110101111010000111110011110
00101011011001011101011001110010
00011011100110000100110010101100
00100011000100010001000011010110
00110011101001111101000010011101
00011110010000100100111000001010
00101011000100000001101111101110
00110111011000011101110101100000
00100101111111011011000011001000
00111100110110011010100101010110
00100111001001111111011011001011
00110111101000001110111111000110
00100101111111101110100110110010
00110011111010000000110100011110
00111100110011000000110000111100
00111010101100010110000000100011
00101101000100001111001010111111
00011010100001100011100100011001
00111010111100011101100101000110
00111000110110011011001010110000
00110111111100010010010011101100
00011010100010000110111111011101
00100101001010010000011111011100
00111011111010000001011101010010
00101000100111001001000010100011
00101010110011110101100110110110
00100011000010010100011001001001
00010111101000101000110100011001
00011101000000011101111001000001
00101010001000000111111110111010
00011110001100111111010011100100
00100101110010001100110111110000
00011010110011101111000101101000
00011010111010010010010100000100
00101011111001110100100000101110
00101101100111101000010100111001
00101101000101111001101001111010
00101100010001000000110000111110
00110010011111010001000100111000
00011110010100010011101111011110
00110011100110001000000110001100
00100100011001101100101011011110
00101101010001001001010110111110
00100011011000001100110001001010
00011001111000111000011111100100
00100110011101101101111010110100
00100111001111001010110000001100
00101000101010000010001101101001
00011110010011011001000101111000
00110100111010111101111011001110
00011110000110001011001111111001
00011000100100000111011010110101
00111000111000101111011010011010
00110100000001010011101110010110
00101000101110010000101001010110
00101101001100011000111011110011
00101011110011010000001010010000
00011011001011110001100100000101
00010111110101000111111000110000
00011111100111001111000111100010
00111011100101001101011110110100
00011011001111100100001111100100
00101010111001111011001111010110
00101101100101010100100001001101
00011101000001000111001111100101
00101011101101001011001111111101
00101000100110110101001101101011
00101110110101000111101010111110
00011011010111100100010000000110
00010110110111111011100011101110
00011101110001100100000001010000
00111011011101010111111000110100
00111100100000100100100100001011
00011100001100101011001110110110
00010111000100000110010111100101
00011010111001110010111110011000
00101000011111001001010011001000
00101000110100011010110111010010
00010101010100101000110110011000
00100011010011010011110011010010
00111100110011100000001111001110
00100100101001100001011101100011
00011110110000101110111010000100
00110001100100110100111100101101
00100111100011100011000100100010
00100111100101001101001110100010
00111000111010100100010000100010
00101100101011110011100101110110
00101110100000110100000011111011
00110111100110101001100110100000
00101001111100000111001011001010
00010111100110101100011111001010
00110111110100110100001011111110
00100100001110111000110000111100
00110000001000001001001110110111
00011011101000100001001001001001
00100111100100011111000000010101
00011010010011001001100101111010
00010111111010011101010111000100
00110001110001011000001110000110
00100110110000011010101001001100
00100101101100111001111101010010
00100010100111101111000110110001
00010111110010001101100111001110
00111000100001010010111001000101
00101000100100111100100101100110
00100010101111000011100010001100
00111010001000101000010010010101
00011000011011000001011111100110
00101110010011011011010000101010
00101010001111110010100110111000
00101110000100001011000001010001
00011011011010110001111101101110
00100101100011001000001001110110
00101010010101110001101110111000
00100101001100111111111001001100
00100100111000001010010111111000
00011001100011010011001101100111
00010110000101111011011010111111
00110100100010110011001000011110
00110111001111010100111010111110
00111011010110110111111010111110
00101011100010110110010000010010
00100110100011101000110010111001
00110101010011011100111100111110
00100110001000101001011101001111
00101101001011000011110101101111
00110000101110111100001010000000
00101010000110001010000011101101
00010111111101011010011011011100
00110100100011011001001000111111
00100001101000101011010101110111
00011111110110000011010000001110
00101101111011011101100101101100
00101010011011011110001110001110
00100110011000000000110001111000
00011001001011001111110111110110
00111100010000100110100011111110
00101100100110011010010110101111
00110100101110111000001110100110
00110101000011001111011111110101
00100000110010001010010001101110
00110101000100001001001000001110
00011110100010111111101011110001
00110000110001010101001100010100
00100111001110100001101001001000
00101111000000100100110010111111
00111010011111101000100101111000
00100100000101000101011111001110
00101010100101110011000100110000
00100100101101011111001100110110
00011101101001101000111101010111
00110110111101100111001100010010
00011000001100100110001010010111
00100100010001101100000011110110
00010111011100001001101101110110
00101111101011010100100010110010
00011110011101000110010011100110
00100011010110110100010100111000
00011000011100011110101001000110
00111010111010010010111000000100
00100110101101000100001101010010
00011100010111101110110110111100
00101010011011100011100010001000
00110100010111000011000110100010
00100111111110111111010010011110
00010111101000111000010100011010
00111011001010000110100100000111
00111011101101010101101111000011
00010111001110111111011010101100
00100101010011000000100110010010
00100101100011000110100011001111
00100101000001101111000011000100
00110000100100010011000010110110
00011001001100011100000010111101
00100110101100110011010111001101
00010111010011101111111111001000
00100001101010001011011001010100
00100110001111100110001100110100
00111100100101010000011101001101
00011110000101001110001100101011
00111100010011100111000000111010
00011111001010001011000101010011
00110111001110101001100010010100
00111001100110101101111111110111
00110001101101001100101110111011
00100000101000001111100110011000
00111010011011100001010100010000
00011101001111111110010101011100
00101110100010110011010110010101
00100100010001111111111001010010
00010101010010011111010110110000
00110100001111110011010000010100
00110101101111011010110110110010
00100100010011010010001010111010
00100110110110001001111101101010
00110101111001000011110001000110
00011110110100101000111010101010
00111010100011100100100111010100
00111001110010010110100111001000
00110000001001111111101111010111
00100011100010100010101011011111
00101000001101001100111000111001
00011101000001101101101101101101
00111100101111011101010110101100
00100001101100101011011001000100
00100101101101011001011110010010
00101111000001010000010100010101
00010111000100000111001100010001
00110101100011111001100001100100
00101100111010100010010001010110
00011111110010011011011111100000
00110111100110101100111110110110
00011010101000001010100110001110
00110000010100110111101000001000
00011000111111110011101010011110
00011110101010010011010000100100
00011000001110000111011000000110
00101010001000111111110100100101
00100101001101010011010111000011
00110011001001000001011001010110
00011111000001100000101000100011
00101011101001000100111101011100
00110001011101101110111000110010
00101001101101010100000111101001
00011101111101000110111100000100
00101010000101010001111101001110
00100101001100001110011111101101
00110001100011010111110101000110
00100000111101001100111110000110
00101010100000101100110011111101
00101010101010000011111000011010
00101011100101111101010100000101
00110000000111110111010010101000
00011110101010111111010101110000
00110111001001011110010100010100
00100001001011111001010100110101
00110000101001111000101100111001
00110101000101000101110011000101
00100110101111101110011100111100
00110100100100110101000000000001
00101110100111100100001010011001
00011000010010000011101101101010
00011110001011000000100011011100
00101111001111001000100001101000
00101110010001011110010100100100
00111010000111000110101110110111
00101011110010100001100001110000
00011111011011010111111000010000
00110011101111110100101110110000
00010101110001010000011001100110
00111100010100001110100110011000
00111010011100100110110001110000
00100110111011010100001101100100
00111010111100111101011101100010
00100110000100011100111011111010
00011001001010001101000011000010
00101100011011010101101100111010
00101000011011001001101100100100
00011100100001011000010001001111
00101110100011000110010011001101
00100110100101000111011011101001
00011101001110000110010110110100
00110001100100000101001010000110
00100111000101100101011100010101
00110111000000101100110001111110
00100100000010001001000100010010
00110000000100101100110000010101
00101100111100110001001111010110
00110011110001010110110001111010
00100011101111100000011011011110
00110011000111101011101101000101
00100100001001110000111001100001
00011101010000011011111011011000
00011001100110001100101000101001
00101011110101111000011011101110
00101111010001100000010010110010
00100000000011010100001100101001
00100101101100100100001100001101
00101000011110101110111000101000
00101010000000101100101010001011
00110001010110111111100000010110
00101101100011001010001010100111
00100000001010011011010100011101
00101101000010111011111100101100
00110000000000101101110111000110
00110110101110101100001101111110
00100111000010111111100000011111
00111000101011001111001010000110
00111010110001111111011001000000
00011100000001000010101000100111
00100000101010000110110100010011
00100010100011111101100111100110
00010111000110010110101001110111
00101110001001100001000111101111
00011010101101011101111100110011
00110101001101011010000110010010
00111100011100000000010110111010
00100110110110110001110000011000
00010111100010000110111101010010
00110111101101010000100000111110
00111100101111111101010111001100
00100110000010110010011111111001
00100000100101100001111101111111
00111100101110010101100000110010
00110101101110001100010101010000
00011000001011110111010100101101
00100011110001010111010110111100
00110010100010010011111111111000
00101001011100110011010101010110
00101111010110011100010100000000
00011101110011101001101101101000
00100001111010101001100010001010
00111000011001100100101010101000
00110011000110010110110001101101
00010111011111111100000001110110
00011001100001010010101000001010
00101111100101011100110101000100
00101100111000011110011001100100
00100000100001011001111011101011
00111010110110111001110101111100
00101100110011111100111000010010
00101111101101010010000000011101
00111010101111000000011111000110
00111100100100000010011100011011
00100100101000001111100100010101
00100111111000010101010001011110
00111000000110011100111011100000
00111000111101100100010101111010
00111100000001110001001001001010
00101010101011100100101011100000
00111000101111011110001100110100
00100010100011100010011000110011
00100011011011100001101111000000
00101010001001111110011010011001
00111001111010001000100111000110
00101010101100010111110001001010
00110010100001001011101000000000
00100100011101001110011011010000
00010110010000111101101110100110
00011000001010001001001111111000
00011111011000001111001010011100
00100101010111101101000111100010
00011110111011011101001000111000
00110011001101011100000111110100
00111000001111000010111000100100
00100011010100110111100110101000
00100010111011010110110110010010
00110100000111110100001111110010
00110111000110001110010100111000
00011111111101111111100011000100
00100110111101111011101010100000
00010101011101101111000110011110
00011011100110110100101111010101
00010111011111101101110010101100
00100110100100001100001100100001
00111000101100010100110000100010
00011001100100100101010110101000
00100011000111110000011101011111
00100100101001100001110101100011
00110011000001010100101111010010
00111001000001011011000010101000
00100011111000010001101010100010
00110101100010001001001110111001
00100001100010000001011111111000
00110100001100100010100100100100
00111000001100111010111001101111
00010110100001010010011111000100
00111000101010000110000010011111
00111100011010011111011111011010
00011110000011101110000000111000
00100010110000101110111110011110
00110001000101001110100101000111
00111000100101011111001110100111
00110111100111000010010000011110
00100000110010100011110000111010
00101011110001100111010101111110
00010110101100110010000100100100
00100001010100100101100010110000
00101111011011100100100010001000
00110111011111101010111101010010
00010101101100111110111001100110
00110101101100001001101000000101
00011010100011111011110011010000
00011001111011010110111110110000
00100110001100110010010000110001
00011010111011111001010000100100
00011001011011110001100010001000
00101101100110011100001110111110
00110000110110010101010111011100
00111100101001111100011011111101
00010110011100100100110101111110
00101010000110000101010001010001
00101010000000000001111010110001
00100100100100111000010011111010
00110100100110111110110011111111
00100110010010000011010000101000
00111000110001100111000010110100
00111010001101111110101001010110
00110001011110110010101101100100
00110101000100011110011100000100
00110010100000000010110010011001
00011010001100001101101111100000
00110101001111011101011101110110
00101011100101101001111101010100
00101110000101001111100111000000
00010101101110010101011101011000
00010101111010100101101101100100
00110000100001100101000100000011
00110100001001011010010100000011
00010111001010101100010111110110
00111011100010101111111010111101
00011011010100111100100010011100
00100110100001010110110001101101
00010111011101111000111101000010
00111011010000110000100001111110
00100010110000110000011110000100
00010101111011110111110010011110
00100110000101100110101101100011
00111011100010000101011101001010
00111000000111010010010001110000
00101101011000010000100101110110
00111100100111101010101010000011
00010111100000101001011000000100
00101001100111110001010100001111
00100110100000010100101011011010
00100101100011011100111111111110
00110011011110101000000111000010
00101001111110010000101100000000
00011101111100000100010101000000
00101111110001011110011100111110
00101000100111100100100111110000
00110101100110111100100101101011
00011110100101111111101001000000
00101111011001000011000101010000
00110001010001111101101010111110
00101110110011100110110110100000
00110111110101111111010111111000
00110011001000110000001011010011
00111001100011100001010001010110
00110101110101110101101000111010
00110001001001111101101000011010
00010110101001101111100111011110
00010110100001010101100001101001
00011100100100100110100101000110
00101101000000011001011001010101
00101000100001101100010001110000
00010111101011101010101100000110
00110101100011010001001110010110
00011000011100101000000001100010
00101011100000111111001000011011
00111000100000011010110000101000
00100010111111111000101010100100
00110010101110100010101010110110
00101000100100100100101010111010
00101010011010100010010111101000
00101011000011010000101001010111
00101010110101100101110101010110
00011110000001011011010001111001
00110001010001100010000000010010
00100010101100010010111011001011
00010110000000001000001001001100
00010110110110101011110101111000
00100000000000110110110010010010
00111000101001000000001011101110
00111100101111110110010000000110
00110010101110010110100001100100
00111010101110010110100110101010
00100001101011011101000100100001
00011010001011101000111111010110
00100101100110000110010111101101
00011001100100100101101111111011
00111001011001011111110100101110
00011100000000111010101001110100
00111011111011010110001010000010
00010101110100110111011010000000
00011010111101110101011100110100
00111000000101011110111111000001
00110011000110011111111111010101
00100010000000011000011001001011
00011010001001110110111100101100
00101110100100000110000100010100
00110100110011001011111101111100
00101110100011100010011010001100
00100010101111000011000011010100
00101110000000000110011010100110
00101100000101000101010001010100
00100010101001101110101101101100
00011101000100101010111001111101
00011011110001101000001001100000
00100111101001001110001110010000
00011101000001100101100001010111
00011010111010100110000110000110
00101001010000101110001100010100
00100010100011100110011110110110
00111000111011111000100010011010
00101111011100101110111001011110
00101000000110111010010100101011
00101000110100110001011000110000
00100101011001101011110101001010
00101001101100111100001110111100
00011000001100001010111000011100
00111000111000100100011011100000
00101110001000101000011001010011
00111011111010011101101011101110
00111100100110110010011011101110
00011010101001101100000000110101
00011100100001000111110011010111
00111001000011110001110011111000
00100010100000011010110111001100
00101111000100011110110111101110
00011010100111000011110101100000
00100011110001110110000011101110
00100100110101011001110110110100
00011110000001110011011001111011
00111000110111010011101111000000
00111010000100000000100111010010
00110110110011100001010111010000
00110001010010000001011110101100
00111001101101001110001100001011
00111011011000100110000110100110
00101100000011011000110100101111
00110110000001010001110000001100
00111010100101110111101000110010
00011110010000010010000101100100
00111011000000110111100000111001
00101111101001100011110111100011
00011000000101100011001100100000
00101011000010110100010100011001
00110100101011101111110011101101
00100101111110100001011100110110
00011111001001100011001111001101
00100101011100001100101001001010
00100010000111000011000111110000
00100011000100100111011011101010
00011010001011110111100010101011
00100111100000101111000101100001
00101011100111110011111011001011
00101100011100100101000100011010
00011101010110011100110001111110
00100010010111100100011010000100
00101100110010111001100000110000
00110001101010010100000101011101
00101100000111011000000010011110
00110100010110100100100011011010
00011110010010000011110000001000
00101001110100011100111001110010
00100110010111111110011000010100
00010111110011010010100010101100
00011110110110111101010011100100
00101100001110111010100100101110
00110001100010100001001000110001
00111010110010100011111010110010
00100111100011011110001100001010
00101000110111111010010101010000
00110111100000011010010011001000
00010101010000101110010101010010
00110101101011011001101111110011
00011111000111011111000101001001
00111010000001111001001110111100
00100000001010111101000110101010
00110001110110010010011000101110
00101010010001010111011011010000
00111100100000010001001111101010
00011000101001101110001000100111
00101111101000111100111100101111
00110001111010011110111001110100
00111010110111011010100111110000
00101100101101110111101011110100
00011111000101100011011010000000
00100100110001111111010001001010
00100101110010111011010010101110
00110001000011010011101111100100
00111011101011101010010101111010
00011111110011010110001011110010
00110110011101110000010100101100
00110010011100000000000000111000
00100011101011111100100110111011
00110100100001001111000000101000
00110011100001111110110111111111
00100011001101110101101000011100
00101011101111101001110100001010
00101011010101101110011000000110
00111100000100011011100001000111
00110110010010101011011000000000
00101010101011010010110011111111
00111010101110110000111100111100
00100100110000010011110100110010
00011011000000111010001001100011
00101101000010111010000110010001
00101000101110101001101100011010
00111011111001110000000101101010
00111100000011001011100011101110
00101001110110010101011000100000
00110010010001111001110111110000
00010110100110011111001111000110
00111011001110111100101100100100
00101011011101100100010111111100
00100011011101100101010001001010
00011011000100100110011111100110
00111010110101010000010101010010
00110111111110111001101101011110
00101110001101011100010010111111
00101101011000110001010001110000
00110110000100011101010111110110
00011000001100101000011011001011
00011101001100101011000110010011
00101111100111100010011000001101
00111001000010101010011111110100
00111010101000100000110110000001
00010110001110001011011101001000
00011000011011111001000100101010
00100100101010000001101011001011
00101100111110011010001000000110
00010110010011110000010111110000
00111100101110010001011010001000
00100001000100010110000100011011
00100000110001010000001010000000
00111011000100001110110000000111
00101110111001100011000000101000
00110000110111101000011100001110
00111011000010100111010110101111
00110001011001101100011010001010
00100010000111110011011100011101
00110011111100010010101110000010
00011110011010100000001110011110
00110110001000110110000011111001
00101011010000111101111000101100
00100011001010101111000111010000
00100010110101011100111000100000
00010110100100011110100101010110
00011000000110000001010110110101
00011011000000110101100001010000
00011010101101011111111111001000
00101110001111100111100111001110
00101001111000001111010010000010
00111011101000100011101111101111
00100001011100111011010110111010
00011110100001110111010100011100
00111000101110101010100011000110
00011110001000111011010010011110
00101010010100110101011000011010
00010111001001100101101100000001
00101010100110101000010010101111
00101110011001110111101010110100
00101011001000001000000001010001
00100000111101000010101001001110
00011001101100101110100110001111
00110000101011000010111010110011
00011000101101000110010011000110
00101111101001001100000000100111
00110111000110010011101000011110
00100101100100100001000110111011
00100111000101101110110001100100
00100100000101110000101001001000
00010110101011101000101001111101
00010111010001101101000100111110
00110110100101000100101111110011
00101011111001011110111001111110
00110000100000110101000000001011
00011010001110100110001001110110
00110111001010000100100000100110
00111010011101101111001100010110
00010111110000000110100101100000
00111001011110000100011111111010
00100010111111000111001101100110
00010101101110011001001001000110
00111011100111001101010100111100
00111011110001001101110000010110
00110011000000100111101111011101
00100000000100000000001100010000
00100101001110101101111100001110
00101000000011011001001011011010
00011001011110010000010011110100
00110001100101010011010111110000
00101011101011001111110000110001
00101100111100100001101110001110
00110011111000101000110011101000
00101000000001101101000111111010
00110110011111001011010001011110
00110011011110101000110001000110
00110110000000101000001110011011
00101111111001010110111001001110
00110001100010110001100110001110
00111001111101110110010010100000
00110001000010110000100011000100
00111010011110001110111110010000
00111010110010100000111011101100
00111001010111111000011100011010
00110010000011101101011111100011
00011100001011100010101011111110
00110111000110111001011111111100
00011100000111010111010110011110
00101011001000001000010001001111
00110111110001111111101101100000
00100000100111011110010100101001
00101101101001101100110010111111
00101111011011010101100000101000
00100011110111001011110010110000
00011011000000010100001101111111
00101101111011101000010101010010
00011010011100110111100100100000
00101011101001111111101010000001
00101011010011110111110101001010
00101010000110011101100001111101
00100010100010111010111001011110
00111000100000011110000111100100
00111001011101000110101011111110
00100110101111111001011001101010
00010101111100110110100010001010
00010111011101101111000100011110
00011111101101111100001100100000
00011100100010110111001110000101
00110001110000101011100001100100
00110110000001000010101111000101
00110000110111100101001000001110
00100000001110111111110111101100
00100111011110101000111101110100
00011101110011000001010010001100
00110011011101010110110101101110
00011100111101101011010110100100
00011010011011000100010001100010
00011010001001110010010110001101
00011010100001111100101110000100
00110011010111010000001101101010
00101011101010001010011001000101
00111100110101011011011111001100
00111011000100100110110111010110
00011010100001010001101010010001
00111000000111101011000011000101
00011110101011001000101110110010
00101100000001001001101111001011
00101111000111011000010111110110
00110100100001110101101100100001
00111010100111001111101000100000
00100010000111100001000101100001
00100100011111100110110011100010
00100100110010011001011110010100
00100110101100111000101110111001
00100000010101100111001000110010
00111001110110001000000100111010
00110100011110111001010000100110
00100101010000000010101110011000
00110110000100001001011011100100
00101100000100011110110111110110
00111001100010001100110101100100
00111001101100011101011110011001
00011101111001111010001011100000
00011000101110100111010100000010
00110110101010101101000101101100
00010111100111110100011111011100
00101111011110110111111110110100
00011100100011101001101110001101
00011111010101011000111001011000
00111010101000000110000110111110
00101001111000000100111000000010
00101101110010001000100001111000
00100111001010100111000110110110
00110011010011110110101100101000
00011000111110100010111010101000
00011000110111011110001000101000
00111010100011001011100100010101
00011110100001001011111010011001
00110100100010111110011000100011
00011100000001010111001011010100
00011110100101101110001001101100
00110000110101110010110011000100
00011110110001001100010100000100
00011010000011110001001100100101
00100010110110110011110000110010
00100110111011101101010111101000
00010101101000100010000110010110
00111010100101011111000011110010
00101001101100001101111001000110
00010111011001000111011010011010
00011011110001111101101010011110
00011100001110111010011000000100
00111010010101111110101110101010
00110011010000011100101000011010
00101000010010101111010011111100
00100001101011100101010100001011
00110000010001000001111100000010
00010101111010011101000100000000
00110000111111000111001111000100
00110101001010010000110110111001
00101000010110101000010100011010
00010110011110011010111010001100
00010111001000100000101110001001
00011001110111001101011011111110
00111100001100010110100001101110
00101011001100101010101111000110
00110001000010011011111000010001
00101000111000111010101110100000
00110110101111100011000000100010
00110000000100110100010111111101
00011100111011001110100011001100
00101110010101111010011110011000
00111100001110010010000011101000
00100100111011011001101111110110
00101011011011010111001100101100
00010110110100110110110111100110
00100010100010000011110101001101
00101001010100000010110111000100
00010111111010100101100011100110
00111000010001111110100111101100
00111010010100100001111011011010
00110110011001111000000111110010
00011011000111111000111010110101
00101111000001001000110101100100
00011010011010100001111011001000
00100110001110100011101011110110
00111010110100100010100100111110
00100000101011111001101101010001
00100110110001101001101010101100
00011011010001000111100100000000
00010110000001100110111000010010
00101000000011000000110100010011
00010111001110010110111100111000
00010111000110001100110110000100
00110001000111001010100101101111
00101100010000001011000110001010
00111001111000010000110100011110
00110110001010111001101111110111
00100000010011110001111111101000
00110011100110100000001110110000
00010111001100100100100101000000
00101101111001011101111110101100
00100011000010011111011101001000
00111001010011111000011110100000
00111011000000001111111110000011
00111000100000010010110011100001
00110011110001010100010000110010
00110111000000011010101100101000
00101000000001010001000111101001
00100101111101110010101100100100
00101011111011100001001010011000
00101011100110001110111000011110
00111000000010011001011111111101
00110001000111010111101011010000
00101010000111010000010011010110
00111010010000010010011100000010
00011111111010111011110110110010
00110011000011101011100110000110
00111010101110011010000110100100
00111010111000001011101011010000
00110001100001101100000000110001
00101010010110111101111110101000
00101101001111010010001111000110
00110000001101001101011011100000
00101100011000100111001011110010
00101100010101110101110001011010
00011100011111111100000000101010
00110111011101010001101110000010
00110110100111110111011000111100
00101101101001100101101000111010
00011100100001010101111010000101
00011011101011011111010110100011
00011011011101000101111000011000
00101110101000100010101100011011
00111100000010011110011010101111
00110110011011110001001111110100
00011011000010110000010010001101
00100010000000010001000111110001
00110001100000111001000111001100
00110000100110101000011001011000
00110000000110001101011011000101
00100010110001101100000111011100
00100000010000100011000110001010
00010110010110101010101011100110
00010111101000011011011010110111
00100110100101001111001111001101
00100001100011100100111011101110
00011100010000101110011010110000
00111100110010111111010000100010
00101010010100010000010110001010
00011111000001000010110011100101
00110010111111110011000010011110
00110001100110001001110111000111
00110001011001110111001101101100
00110101100110110001010100010111
00101100011111000001010001000110
00100111011011111111000111111010
00011001011010000111001010011010
00111001101110101000110101001110
00100101110111101110101111101010
00100000101010000011111000111001
00101100101010001101001010001110
00111011010101010110110011110000
00101001111101101011001010010100
00100001010100101011111111101000
00101010111101000010111101101110
00111000011100010011011001000010
00101010101001001001011101000100
00011110001110111110101010001110
00101111000000101101000001110100
00100000000001100000110001101110
00011001110000001001001101000110
00111100100100111111001100010000
00111010010110000000000010001010
00110111110101110001000010010010
00100111110001110000110010011000
00101110001110111101101001010010
00011010100101101111101100000000
00100001111101000100100101111110
00011011001011010011101110111011
00101000100001100000001111101000
00101100011110100011010100001010
00110001111010110010011010100100
00110111011100111000110010010010
00010110001010011001111001101011
00110000100110101010100011000011
00100010110110001000101100000010
00100010111001001010000111010010
00101010011001010000110000010000
00110011100010111001000111101000
00111000100110110101110110000011
00100000001010011100010001001000
00010111000101101110010010011011
00100110000110000111001111001010
00101010001111001011110110011010
00011111100100100101100011000100
00101110011111000001011000100000
00110010101011111111111110100000
00100101011101101011111010011000
00011100011100111011011001010010
00100001001100110011101100101001
00011111100011110101010001011110
00011110000111110100010011111110
00101111011101111101111011110100
00011000111000000110010001101000
00111010111110101111000010000110
00110111100001110111100011111011
00011000011011010111010001101000
00110000100101011100001011101011
00110011101111111100001001000100
00110111110110110010010010110110
00011000010001011101111010010110
00110000111111011101101100111010
00010111011011000011100000101110
00100001100000011100110011101111
00011000111010101100000001001000
00101101100101111001100000110011
00111001110001111010111111110010
00110111010110101110011011000100
00110100000011010001011100001101
00111010111111110100011100001110
00111011010110100000010101000100
00101010011110000110001000011010
00110100101001110011100101111110
00101001100100011011111110010111
00110110110101000010001101110110
00011101100000000000010001010001
00010110111100111111110010100000
00111011001100010011000111011001
00110001000000011000111010011101
00101100010000010111010101000000
00110001010001101010110111100110
00111010111111001111001010111100
00111010010010000011010001110110
00100101010010111110110001100010
00101000000001011010110101001011
00101010100110000100010101010000
00111011111011110111011100111100
00101101011011001011000000000000
00100011111110110100011000101010
00110111100011101100011101000110
00101011010111100100000110110000
00011100100100110110010110001100
00010110000110011001011001001101
00010111001110000011010111101000
00110101100111010000011101101101
00101100000011001011111101010001
00111100001001000110001110101111
00100011111100111011001011001000
00101011001001000110110101000110
00101111111011010111101111001000
00111100100111100100100000111110
00110000111110010001011100111010
00110010010100011011011010110110
00110011100001010011101100011101
00100000110010001000010100010110
00110001111011111000100001101100
00011101001001001010001010110010
00010111001110101101101111101010
00111001101111101001001001000000
00110010001110101111000110111000
00111000100000100001110010001011
00101000101111111011000111010110
00110000001001110010010011010010
00010111000100010000001011000101
00110001100000110111001010111000
00011000000100101101010101110001
00111001000110101110110101010110
00110011000010101011100011010000
00111100010011000001001101001010
00101101001110010100001101111110
00101010100110111001111001101100
00101101100011000010011110101100
00100111100011000010111100110011
00110111101001000100000101100110
00111010111001111010100100110110
00011011010011101101110111011100
00011000000010001000101110001011
00110100011011110100111011101110
00010110110000000110010100111000
00100011000111110001010001010111
00100011100111111001010000011010
00100101110111010111010110100000
00110110011011101111111001111010
00100111101111000010111100100000
00011110110101101011011011001100
00101110100100101110101100111000
00100101111101100100010100101100
00100010000111110111111000100111
00110001000001001000001011111001
00100000001000111011010101010110
00100011110001000011111101110100
00101000100000110110110011101001
00101000100011100111011100111001
00110100010001100110000101000100
00100110000111100101111000011001
00110000000001011101010101110110
00010110111010101000110000001010
00011110001110101100011100011100
00101101110011101011001101100000
00110111001111111011101000011000
00101100000110011101010100101111
00100010000111010110011010110101
00110100101010101101101110101111
00101000101011011110000111100101
00111000100111110101111101101101
00110100100111010110011001000100
00011000000111101000111100110000
00100000010010001001110011011100
00100111000010111001101010001011
00100001111111110111010101000000
00111010001000000011001110100000
00101101101110011100001110110000
00011111000000100111000001110101
00011111000101000110100101010111
00110100101110100010000000010100
00110001001110010100110000000000
00100001001100100000101011010110
00111000011010001111000101110010
00011110010111001111000110110110
00110100011100000101100000001110
00101011000000100111011100110110
00010111000110010010101110111011
00100101110101001010010000000000
00101111101101111010100011001110
00110100001000000001001101111101
00011001001000001101000011101111
00111100000000100010011100000011
00100001010011010001001001000000
00011001100111100000110011011000
00110000101111000001100000000110
00010111110000101010011110000100
00010110001111111010001101011010
00010111000111001010111011000100
00101000111111000000111011100100
00100110000101000001101001011100
00101110100111111101101100011101
00101010100000110000000100000100
00111010101100010101011110100110
00110011001000001010110111100000
00101000011000000110010110110010
00110011111000001111101110100110
00111011111011100000000010010100
00101001110000011011110110001010
00011111100001000110100100101110
00011001000110001011100011000011
00100000011011110100100000101000
00100111100100111000011011100011
00101011100011011011111101100001
00110011010101010010010110000000
00100110011000001000100101010010
00011010000001011001111110011011
00111011000011010001010111101010
00110110100011110010001001000011
00100001011111010011111011100100
00110011001111100110000011110000
00101000100100010001101100111100
00011111100110001010111000000110
00111000001100110111110111011011
00101100100001010111010001110001
00100000011100011100010110010100
00100000111101010011001100001110
00111000010100001111110000101000
00011000011110111001100110010100
00101110011010110101111110001000
00011000111011001101010111110010
00011111001100010101000011010011
00100011111010101011001110010110
00100111111100110101001110001010
00101011101000110111001010010110
00100000000010111100010111100100
00011100100000111011001000000111
00010111100101010010110000000000
00100000101010000110010000110010
00101111100110010100001010010111
00101101000101111001000101001100
00011111111101101111000011100000
00100001000011110011001000010011
00101111111011000011001110010100
00100110001010000011011010000110
00110100011001010101001101011000
00101001110110111111010111011100
00110111110111001010001011110000
00100110100010010011010001100000
00010111101110110011101000110100
00101100000110000000101010000111
00111011001010110110101011101110
00101010100100001101001011110111
00101001100010101100000100101010
00101010100101010111011010010100
00011100011011010101100100110010
00011001111001011110011000100000
00101001011011101111101111011010
00011100001001110111110101100001
00101000001110011011110011010010
00110010101100000011100010001101
00100110101110111110011010100010
00110111110111111111011110101000
00100111100111111101111101011101
00011000000101000010000011101110
00100111111110011100111110110000
00101010010111101110011010011110
00110000111010101110010000000110
00100111110100110010110100100000
00010111011110101011010001100110
00111001000111001110111011001101
00100110111101101011011010011100
00101010101111110011000001000110
00100110110110111010010101101100
00011000101111011000100010000100
00011000110100000010001001000110
00100110010001100100010000000110
00111001110000001001110100000010
00101111001000110000101001110111
00101001110111001110010001111010
00011010100011101010110000000110
00100010001110010101011111001110
00110100110010000110000110101010
00101101100000100001110010010011
00100100011111100111110101000110
00111001000110101111100111100101
00110100111111101000110011111000
00100110100011010010100001111111
00111011000011111110100000011100
00100000001111100100100001001110
00110100101010001111111101000010
00111001001000011110101110000010
00110000101101011010010001111001
00101110011110011111010110101100
00111100100110001111101001000010
00101100101111000001111101100000
00011011100001011010101111001111
00101001111100101100110000111110
00011101110010100111100001011010
00110010101011011010110100011110
00101011101010000100101101110100
00100011010110111110011111011110
00100100110000110010001011110010
00101110100010011100101011010101
00100010101011000111011011100100
00011001110011000011101000010110
00111010100110111101101110111000
00100001110000110110110101110110
00011010011101010010010110001000
00101001101101010010000100101101
00011010001001000000101111010110
00101001010110100100100101010100
00110100001100000110000001111001
00101110100001010000101010110111
00110111101100000111100000100100
00101110011111101100000111101010
00110000101100011001111010011111
00110011100000100000110100100011
00110101111110101110011111100010
00011100001011000011000001110001
00111011100010000000000101000000
00111011111011000001111010010110
00010110011101100011110100111100
00101100011111001011011010110100
00011100000101010110110110011110
00101010100110001010000011110010
00101101000100100000100100010110
00101110011111010010001111000010
00100000000001101011001100101110
00111100100011111000110010010101
00110010000100101101111110101000
00100011010110101110010111101000
00110001001011101011101011110011
00100000010011000100100011000100
00110011100010111010011101110011
00111100100100001110101101110010
00101001110001101101001110010010
00110110111100000111111010011000
00111000001000111111101011010011
00110010001010110101010111001101
00110000011100111100011000110110
00111010100000110111011110100001
00101100111111111011100001110100
00011100110101100110100001101110
00010111111100001101111001010000
00101000111001011111011100110010
00111001000111111001110000011101
00100110110111101001110100000000
00011000010011000101100000010110
00100110110110010011110110101010
00100001010000101100001100110110
00110111001010010000011101011110
00011100110010111011011000101100
00100001110000010010111111011000
00011110110100100101010111111110
00110001100011111110001000111001
00111001010110010111110000000000
00100011001011101000010010111000
00101101100110100111100000001100
00110100010000001100100010000000
00110101000111000000110011000110
00011101110000010011010010110100
00110110111001000111111111100110
00011110011100111100100001111000
00100011010110110110101001000110
00010111100000010001001011110010
00011000010001111010110111011110
00100101010111111000111101100100
00011000100100011101101100111010
00011111111001010110000101011110
00100101010001111101000100101110
00111010000001111010011000100100
00110001000001101111100010111110
00101110011111110110111101001100
00101100010110000011100010010010
00111001011111000011101111111100
00110010100100110000000110011100
00111010011101000001010100101110
00111011110011110110101101111100
00101000001110100111101001001010
00101011011001111010110100010110
00111011111011010101111000011010
00011101110000100101011010100110
00110100000001010011000111110101
00100110001101110110010010001010
00100101000011011001001111001000
00110001011011001100100111100110
00110100001001100010001100001101
00011111010111100110100000111010
00010111001100000101100010101010
00010101011001110111110111001100
00100011000011101000011111001100
00100001101100011101101001011111
00110010000101111010100101111000
00110101111000011010001010001010
00100100110001010000011011010100
00101000100001100111100010010100
00111011110001010111000011101010
00011000001000101101101011100111
00011011010010000100101111010010
00101110100001110011110110011001
00101001010011001001101101101110
00101100111001010110100000011000
00111010100100010001101100111101
00100000110000111010100011111110
00101111101100011001111101000101
00101001100111101111110110011011
00010101110110111000011010100110
00110111001100111000001100010010
00100000100110100111100001011000
00100000101000100100001011100111
00101000010001000111011111000010
00101101010100101011000001111010
00110100010000101101111001111000
00111100100011011100111011111110
00100011110001110001001100000010
00100001001100100110010000110100
00111011110111110011101100000000
00101011100010000101010000000111
00111000000100010011011101101110
00100111101011011111111111101011
00100100100001000101010001100111
00011111001110110010000010000110
00100110001101000111111111001110
00101110101101111100001100100010
00101110011101011010101110110110
00110000010001110100101001111000
00010101011000010000100100000010
00101011110110100001100101101000
00010101110010111000011111110110
00111100001010101011110011100011
00110000000110000110111111000110
00101110101011100101001000011100
00011110001001010000011111101000
00110000000001110100010011011001
00101101001100101010110100010101
00111001110111100000100111011010
00100010111001100100010011110010
00011000000000011001101011111001
00110101111101101101000000111000
00011110110101000010000011010000
00111010101100100111100111111000
00100000011000101110010111100100
00110111101111011010101110010000
00111100010011001110100111111000
00111010000111010111101111000110
00111011110110111110101110101010
00100000101010101011010000110001
00011011110101010101100001110000
00011111100000000010000101100110
00110110010101110010100010001010
00100011010000111010100001011010
00111010000110100101001101011010
00110000100111010110001001000110
00111000000010110000110011001110
00101001110101011100111001001000
00100101111011000010011001010000
00011011000110001101010101000111
00101100010100001011100100001110
00100011100010011110010100011101
00101101011001000111011011000110
00011011000110011010011011000000
00111100001110001011110111000010
00100111000100110100101010100000
00100000111100001001100111010100
00011011000010100110010101101101
00110111101010011010101011011110
00011100110101101100011011100100
00011000100111010011101111111010
00111100100111101011011100010000
00010110000010011111011100011011
00011101010100011111100101110110
00110100011100110001011110111000
00100110100101101101001110011110
00101100010111000111110110011000
00101101000010100000110011111011
00110111110000001000110100011110
00111100000010101111111011110101
00101111011010000111110101111100
00101010000110110100110111011110
00100011111111101111011111000010
00101000010010101101001100110110
00100010000010100111000111101110
00110010100101001001110110010010
00010111101101001011011001011110
00111011100101011001110111100111
00100011101100100101100110000011
00110101100101001010011011010011
00101111100100111000000011101001
00011100010011001100000000101000
00100010000101010011100111100011
00011000101111110100110100110010
