00100110100001011101101011011011
00100110100011100010000001000001
00100110100011100010000001000001
00100110010010110110000100110101
00100110000101000011000010100010
00100110010111111100000010011011
00100110100010101011101010010100
00100110100010101011101010010100
00100110101000001010011100110010
00100110101010000010110111011010
00100110101001011110110011011110
00100110010010111110001000011000
00100110010000111000001110000111
00100110011110001110011101101100
00100110101010000001110110001111
00100110101010000001110110001111
00100110101010010011010011010001
00100110101010010011010011010001
00100110101001011110110011011110
00100110100101101011000101100000
00100110100101101011000101100000
00100110100100101100111101001010
00100110101010111101000100101010
00100110101010111101000100101010
00100110101010010011010011010001
00100110111001010000101101001111
00100111000010100110011100111011
00100111000010100110011100111011
00100110110001111010100110111010
00100111000001101000111001100101
00100111000001101000111001100101
00100110110000000010110101011110
00100110101011001001000010010100
00100110111001010000101101001111
00100111000010100110011100111011
00100111000010100110011100111011
00100110110001111010100110111010
00100111000001101000111001100101
00100111000001101000111001100101
00100110110000000010110101011110
00100110101011001001000010010100
00100110101011001100101110100001
00100110101011001100101110100001
00100110101010001110001000111101
00100110101101100011011111010111
00100110101101100011011111010111
00100110100101011110001000000111
00100110100101111110101001001100
00100110100010000000101101110111
00100110101111110001000100011010
00100110101111110001000100011010
00100110101010101001101000010000
00100110101101100011011111010111
00100110101101100011011111010111
00100110100101011110001000000111
00100110100101011110001000000111
00100110011011110010011110101100
00100110101100101010111011011101
00100110101100101010111011011101
00100110101000011000100011101000
00100110011011010101111011001110
00100110010001011110010010110111
00100110010000011100101011000111
00100110010000011100101011000111
