01000001101100011000101110010101
01000010000100001001001001111101
01000001111100010111000000011111
01000001110110101010010001110100
01000010001010000110011011011111
01000001011100100100000010000110
01000010001100100010001111101110
01000001111100110100011110111000
01000010000100101101001011101101
01000010001101011101111000110110
01000000101000101110101111010100
01000001111000000100010100111100
01000010000100010100001101000011
01000001101011000001100111110101
01000000000001001111011101100100
01000000101100000100010101110100
01000010000111101010011000011011
01000010000100110100000001100010
01000000110101010001011010001011
01000001110110101011000101011000
01000001000100000111001111001101
01000010001000101101010010110101
01000000011001111011101011101111
01000001001100001100010010001011
01000001100110011111011110111000
01000001110001000011011001100101
01000001100000100101011110010011
01000010000000000011001100010000
01000001001011100111100110010001
01000001111100111110101111000011
01000010010010010110001100101110
01000000100011101011001010010110
01000010001110010100110000101110
01000001111001010000001000110110
01000001001101100011111100111110
01000010000110110101010010101100
01000001111001111111001101010000
01000001110011011011010111000110
01000010000101011000001101100101
01000001111000100111101001101110
01000000010011011010010101001010
01000010010001111010100111111101
01000010001100100001011101100101
01000001100011110001011010011001
01000001111011111011000100001000
01000001100001010011000111111111
01000010000110110001111011011011
01000001011111000111111111010110
01000001101011000011011100000110
01000001101001001111011000001110
01000001110111101110001100001001
01000001110010101100010100110001
01000001011001001001010100100101
00111110010100100010010001011001
01000010010010010110110100010011
01000010010010101100010000110101
01000001111110111100110111100011
01000010001111101000001010010001
01000010001101010101111010011000
01000010010100010000110111110010
01000010010011100001001011110011
01000010000111101100000001101111
01000001101100111101000101000110
01000000111001000110011001110000
01000010001100001110000111001010
01000010001010000110111100111000
01000010001110101001011010001011
01000000010110011110000000101110
01000000100010110100011000110110
01000010001011011101010111011100
01000010010001010011001000101001
00111111000011101111011000110110
01000001000101101111110110011000
01000001100100111101110001000100
01000001000011010001001000100000
01000001101100000100110110001101
01000010000111101101110001111000
01000001000111100110001011101011
01000001110000010101001010100101
01000001110000001000010001101100
01000010000111111110101011011011
01000001111010000110110111000110
01000001111110001001011100011001
01000010000011111101000001011110
01000010010100110101111011101000
01000001101001000100110111111101
01000001111111011100000101010001
01000010001000111101001011111010
01000000110111110110110110001011
01000010001010111000000001101011
01000000010010100100011101010100
01000001100110000010100110111010
01000010000100110000110001111100
01000001101000100011000001100010
01000001010111000001110100101111
01000010001111110101010101111100
01000001001000001111111110100000
01000001111101001001011001101000
01000010000110101010010100010101
01000010010000101010110110000100
01000001011000010101100101000011
01000010010100101010110011011101
01000010001001010100000011110010
01000010001111110100001000010110
01000000110101011000001001010110
01000000001111001010001100101000
01000001100011100101000001100111
01000001111011011011001111010100
01000001100110011110110101111101
01000000111110110111100110000010
01000000111110011011010110000001
01000010001100001010110011001010
01000001101110110101001101011011
01000000111100101110000011110011
01000010010011101111101001010101
01000010000000111010011010100000
01000010001001010000111000011010
01000000011111111010110000101011
01000001101101001111110010111010
01000010001101101111111111011000
01000000100100100110001100010010
01000010000100011110001100011110
01000000101101101111110000011000
01000001110001011111111001010100
01000010001011101111100000111101
01000010001101010000110011101111
01000010000100000010101010010010
01000001100010001101111001110000
01000010000100111110111110100011
01000001010101110110010110101110
01000010000100100011010110010101
01000010001001010101111101000111
01000010001100100110001011110010
01000010000010111000111001111101
00111111110000011110000011101101
01000001101011011100110101000000
01000001100001111101110011010101
01000010010011001100110111010100
00111111011000110010011001001100
01000001111010110111011110100010
01000010000110001110111101010100
01000010010011110011110010001000
01000001100000000100011100010100
01000001101000000110110110111010
01000000011011101110010010011110
01000001110011001111110010001001
01000010001100111011111001111111
01000010010101010011011000101001
01000001110001110011101001001110
01000010010100011101000010000110
00111111110110010001010010001110
01000001011100100101011101101001
01000010000111000010010110011111
01000001010100010011010001111111
01000001110010111000000110110001
01000001001101011001100110100111
01000000110101100001101111001100
01000001110101111011001010100011
01000001111100001011111100101010
01000001010110100011100100011001
01000010000000110010010000010100
01000000001100110010011010001010
01000010001000110011010101110010
01000010001111000001111011101110
01000001111000000110101011011101
01000010000011011110101010011000
00111111010111111111010011110011
01000001101100001110110001000011
01000001100100100010100011100000
01000000101101101000000101110111
01000000100001110010101101101110
01000010010000111100000100111100
01000010010010000101001000010000
01000001110010010111111101110000
01000010010101000011010001101110
01000010001101010101110011100101
01000010000011011011101111111010
01000001000111000000111101011001
01000010010101010111001000101100
01000010010001100101010000111000
01000010001100111100110000000010
01000001100010101001011000001001
01000010010110111010001100010011
01000001110000100101100000010110
01000001111101011101000000101000
01000001000011010011110110100111
01000001100110010110100010100110
01000010001010001100100001010011
01000001010010001001011100000010
01000001111100100001010000100101
01000010001111010110000100000010
01000001101110011001101100101001
01000010010110111011101010111100
01000001110001101111000101010101
01000010001111101100101110111011
01000001101110011010010100000001
01000010001010100001010000110011
01000010010110110111100010011001
01000010010011111101001000000101
01000010000001000010011100100110
01000000111010100001001111000001
01000010010100010000111110000001
01000010010001011000110010100101
01000010010000000110100111010010
01000000111010101001100111000110
01000001101100001101000000001001
01000010010101100111000011100110
01000001110101110000010000011001
01000001111011110111000110111001
01000001100110001111011110010111
01000000010101100011110110111101
01000001001010111111011001101111
01000001111001111101100110011110
01000001010001110101110011001011
01000001101101111011110001011111
01000000111101111110111001100111
01000000111110111011111100000100
01000001111110110110100010001101
01000010000001110100100010010110
01000010000001000101010100011110
01000001111111111010000110100000
01000010001000100001101110100001
01000001010010011100011000110110
01000010001010000110011001011111
01000001101010000011011010111011
01000010000001010101111100101110
01000001100111001110100110110100
01000000110011101001101011010100
01000001101111101110111011101001
01000001110001111101111101101111
01000001110101111001011000100111
01000001010010010111110111010001
01000010001011111011000001111011
01000001010001001011110000100101
01000000100100111011010100000111
01000010010001011011011101010011
01000010001010101010000111001110
01000001110110000101101001010011
01000010000001001111011011110001
01000001111110100111000110011011
01000001000001000110000111100101
01000000011001110110001101000110
01000001011001100111000111000100
01000010010101001010100111111111
01000001000001011011011000101011
01000001111100000101010100100100
01000010000001110000101100011010
01000001001011000100011100100110
01000001111110010110111100100100
01000001110101101111001111010011
01000010000011100000000000100101
01000001000010000011001011101001
01000000000100011111010111110101
01000001001111011101001000111100
01000010010100111110010010011010
01000010010110011010110100110100
01000001000110101110001110011101
01000000001000100100110100001001
01000000111110110111100111100111
01000001110101010100110000000011
01000001110110010101101001010101
00111110000011111110011001110101
01000001100111000010111101000100
01000010010110111000001001101100
01000001101010110010000010001011
01000001010100111011101101010101
01000010000111010010101110111101
01000001110010110010011111000010
01000001110010111000010100101000
01000010010001011101011111000001
01000010000000100010001110011100
01000010000011000001001011011111
01000010001111101010001010011001
01000001111001011000100111100100
01000000010100110001101100101010
01000010001111111110001001011001
01000001101001101000110111001101
01000010000101010011001010110011
01000001000011100011110001100000
01000001110010110101110100000011
01000000111000010110001011011000
01000000011011011000001101010111
01000010000111100101100000001101
01000001110000101000100101011101
01000001101101101101100000010010
01000001100101001001100000110011
01000000011000111100100000011000
01000010010000111001010101110011
01000001110101101000110111101101
01000001100101011111001001110001
01000010010011001011001010101000
01000000100011010011111010101011
01000010000010110001100100101101
01000001111010010011111110110000
01000010000010011011000011100001
01000001000010010001100100111111
01000001101101001110000100011111
01000001111010100011000101100010
01000001101100010101000010111011
01000001101011011000101100001001
01000000101111110101011001100111
00111111100110010111101101110101
01000010001011011001010001101100
01000010001111001010110000110101
01000010010100110111000111111010
01000001111101110101101110001001
01000001110000000001010111000110
01000010001100011110101010101001
01000001101110111001011110011110
01000010000001001101011111001101
01000010000110001001100010100000
01000001111001110111001010100101
01000000011100001010101100001111
01000010001011011010010111000000
01000001100010011011000100000011
01000001011010111001000111010001
01000010000010001110100000010100
01000001111010101111111110001010
01000001101111100010100001000010
01000000101011111010011110100001
01000010010110001000000101000101
01000010000000011001110100001100
01000010001011101100010110001100
01000010001100000110011100101010
01000001100000000100011100010000
01000010001100001000000100000000
01000001010011100110111011110011
01000010000110001100101110000001
01000001110001111100001101011010
01000010000011101101000100101111
01000010010011100111111000010101
01000001101001001010110110001000
01000001111011001110101011011000
01000001101010111101101101001111
01000001001110110000100011001011
01000010001110101111010010001010
01000000100001000100011010011000
01000001101001110000010010100111
01000000010000101111101010010101
01000010000100101011101011100111
01000001010011000100001001110001
01000001100111001011011010110111
01000000100011100000011000111001
01000010010100001110101000100000
01000001110000011111011001111110
01000001000111100110110101011111
01000001111010110000001001100101
01000010001011001010010001000110
01000001110011111011101101011110
01000000010101101001111100011000
01000010010100100110001010110001
01000010010101010111010001010011
01000000001100110010110100010100
01000001101100100101000110000100
01000001101101001101111110101001
01000001101011110000001010111011
01000010000101111001000101010110
01000000101100001000011000001000
01000001110000011110101001111111
01000000001110010101100110010110
01000001100010011111101100110111
01000001101111001101101011010111
01000010010110100011011011010111
01000001010001000101010001111111
01000010010110001011111010111110
01000001010111001000001001001101
01000010001111001001110101101111
01000010010010011011101110001100
01000010000111011111110101111101
01000001011111010000011111100001
01000010010011100011100110100110
01000001001100100011010110100110
01000010000011000100111100100001
01000001101001110001000101100011
00111101110010100111011000000100
01000010001011000001001110110111
01000010001101000101110011011101
01000001101001110100010101100001
01000001110000110110111011001011
01000010001101010001101001011010
01000001010101001111011100101011
01000010010011101111000001010001
01000010010010101100100010011000
01000010000101010110000011100000
01000001100111101001000001101111
01000001110100101001111101011000
01000001001011001001000011010110
01000010010110110010111010101010
01000001100010100111000100100100
01000001101101101110111001101000
01000010000011101110011001010111
01000000001000100101001011011111
01000010001100110011111111011010
01000010000000110100110001101101
01000001011010100111010111000101
01000010001111101010001111111111
01000000111011111101010010110001
01000010000101100100110010100110
01000000101001011110101101011101
01000001010100010111011110001111
01000000100001010101100011111001
01000001111010000000010110101100
01000001101100010101111010000111
01000010001001011110101110001010
01000001010110001101010001110100
01000001111110001010110001100000
01000010000111000111011011101101
01000001111000110100011100100111
01000001010000010010101111111001
01000001111001110100001100001100
01000001101100010010110101001100
01000010000111010000001001110110
01000001100000011101111010001001
01000001111010111100001000100011
01000001111011011100010110101111
01000001111110000000101010100000
01000010000101010010101110000110
01000001010100011011100110110111
01000010001111000010010100000101
01000001100001001100000101100110
01000010000110000010001111111001
01000010001100001001101110000011
01000001110000100110101111110010
01000010001011011100111001110101
01000010000011001101001001111000
01000000100001111111100100001001
01000001010001101010010001100100
01000010000100000100101101111100
01000010000010101111000110001100
01000010010011001000101110000000
01000001111110100101010001001000
01000001011000011111101101011110
01000010001010010100111001101101
00111111010001000110101110100010
01000010010110001100101011110001
01000010010011100100110000100111
01000001110001000010100100110000
01000010010100010001011111101000
01000001101110101011100010000000
01000000101011101101111101101100
01000010000000001001010010011011
01000001110101001100011000110100
01000001001000010101000011001011
01000010000011000101011111001110
01000001110000000110100100001001
01000001001100011001001001100001
01000010000111010001011011000011
01000001110001100000111001010000
01000010001110110011000110011111
01000001101001000000010000100010
01000010000101001101011011010011
01000010000000110111001011000111
01000010001010010110111010110111
01000001101000010001110100100001
01000010001001011100100110001111
01000001101001011010000011010111
01000001001100100101110011110000
01000000110000011101110010010101
01000001111110101101100000010000
01000010000100000111110111000000
01000001011011111101100110110000
01000001101101101100100010000000
01000001110101010011111010010101
01000001111001100011011001101100
01000010000111000000000010001000
01000010000001101100111000000000
01000001011100101100100100100001
01000010000001000000000110111010
01000010000101000110000100110001
01000010001110011101100010010010
01000001110001010111101111101101
01000010010001001010000100000000
01000010010100000100110011000001
01000001000101100000111111111000
01000001011111011100000100110111
01000001100100111100101111011101
01000000001001100010110110001111
01000010000010100011111000000011
01000000111100111100110001111011
01000010001100010110101010110000
01000010010110010101100100010111
01000001110000111000011000101100
01000000010010110000100000100111
01000010001111110100010000111000
01000010010110110011100101100110
01000001101110100101100011011101
01000001011110111110101000000001
01000010010110110001011000100111
01000010001101000100001000000101
01000000100000111011111100001011
01000001101000010110101110110110
01000010001000100110111011100000
01000001111000000001010110110011
01000010000100001101111100011100
01000001001111100111101101010101
01000001100011001001111001100001
01000010010000110000000001110011
01000010001001011010011010111011
01000000010001101110001010101111
01000000101111010111011001011010
01000010000100100010010111001010
01000010000000110010011110111011
01000001011110100000110100000111
01000010010100001010110011000001
01000010000000101101001000111100
01000010000100101110100000111001
01000010010100000000110111000001
01000010010110100001010011000111
01000001101010101110000001110000
01000001110011101101011010100001
01000010010000010110001100011111
01000010010001100000101011101110
01000010010101110000110001011101
01000001111011100000111000001001
01000010010001010000000010110000
01000001100100111011001101111101
01000001100111010101111110000011
01000001111010000011010111110100
01000010010010110101101110111101
01000001111011100011001100110111
01000010001000100100110010001111
01000001101010001011000001000001
00111111101110100010110000110011
01000000100000100111011101011110
01000001011000010001110100010110
01000001101100110000010111011101
01000001010101101110100111100111
01000010001001100101010001000101
01000010010000100011000110101000
01000001100111000110110010010101
01000001100101111100111000010110
01000010001010110101100010010000
01000010001110111101000101110110
01000001011011011100001101011100
01000001110001001000000110010111
00111110100110011001001100011001
01000001000011011000110101110111
01000000010001101010100110010101
01000001110000000011010101010001
01000010010001001011101001110000
01000000110000000111101011110110
01000001100110100010010011011011
01000001101010110010000011010101
01000010001001010001011010111010
01000010010001100101111100100100
01000001101000100111100000001110
01000010001100110000110010001010
01000001100010000100001100110011
01000010001010111100101101011110
01000010010000100000001001010101
00111111111000011000000011110001
01000010010001001000010110010100
01000010010110010011111011101110
01000001010000111010101110101111
01000001100101100011101000111100
01000010000110100111000100001000
01000010010001000000111011100111
01000010001111101010110011000001
01000001100000000101011101000010
01000001111110100010111100011000
01000000000000111011101111010111
01000001100001100011001101011100
01000010000100010011101101001011
01000010001111011101101111111011
00111111001011010010111111011100
01000010001101000001001110110111
01000000111011000100010011001011
01000000110011111111011111101011
01000001101111000101111000100101
01000000111111001001111000000111
01000000101110100000001010110111
01000010000001110010100101100101
01000010000110010010111001101010
01000010010110101011000000101111
00111111110101010110100100101001
01000001111001110110111010100000
01000001111001100000110000101001
01000001101010100010110110110010
01000010001011100000100010100101
01000001101111010100000111001101
01000010010001010010110111001101
01000010010011010011000101010000
01000010000111001000100001011011
01000010001100001000101001100100
01000010001000100010100011010010
01000000110111001011100101000000
01000010001100011001011111110110
01000001111101111111101000111110
01000010000010011100111011000111
00111111001101001100010101000101
00111111011100001101011100011100
01000010000101110100000110011111
01000010001010111000000011000111
01000000001011010000100110101011
01000010010101000110001111100111
01000001000001110110110100001010
01000001101111111000111001000110
01000000010001001100110101001001
01000010010100101111100011111011
01000001100101100011101100110111
00111111011101100110001000100011
01000001101110101111100001000011
01000010010101000101000000101001
01000010010000010111100100010101
01000010000001011110100110011000
01000010010110100111011100000010
01000000010010000011101001001001
01000001111000100011101111100101
01000001101111110100110111011100
01000001101101001111010000000110
01000010001001111001110011001000
01000001111001011101000111010001
01000001010000001110010110011100
01000010000100110100001011110000
01000001110101110001101010000110
01000010001100111001001101001100
01000001010011111011111111000101
01000010000100010000111011111100
01000010000110111001111001010101
01000010000011011110001010001111
01000010001111111111100011100000
01000010001001011110010011001101
01000010010010010110001100111111
01000010001101001101111011011011
01000010000110101110101110100011
00111111111111100111100101110100
00111111111000011010111110101011
01000001001000101100101001101001
01000010000000111011010001110000
01000001110101011101000100001111
01000000010110101101011110101001
01000010001100110010110110111011
01000000100011100001101000001110
01000001111101101110101100011110
01000010010000110111101000011101
01000001100110000110010010101000
01000010001000111010011100001000
01000001110101100111100100011011
01000001111010101101111100010100
01000001111100011110100000010000
01000001111011111011010111011011
01000001010000101001101111110100
01000010000110111001010101101111
01000001100101010111011010101100
00111111100001000011110000001101
01000000000100001000010011110111
01000001011011101011001000000000
01000010010001000110101010101101
01000010010110110011011100000110
01000010001000111010001011011001
01000010010011111111111101100110
01000001100010100011100001000011
01000000110111000100111000101000
01000001101101011000011101110110
01000000110000000111110001011000
01000010010010001000101010101011
01000001000101100000000001111011
01000010010101101000011111111110
00111111010101101000011001000100
01000000111111011010001100111010
01000010010000010100100100000100
01000010001001011010101010010001
01000001100011010110100101110010
01000000110110101111100010100101
01000010000011000111010001111000
01000010001011110001111110010101
01000010000011000110010010001010
01000001100101011111001000011101
01000010000010010011011010010110
01000001111111010110011001100100
01000001100101001111110001111000
01000001001011011110100100011001
01000001000100010111101100001010
01000001110011000101011100001110
01000001001011001000000101000001
01000000111110111110101001011000
01000001110111100101000000010010
01000001100100111011011100101100
01000010010001011110111010000110
01000010000100010100111100010011
01000001110100010110110001110111
01000001110110010110100000001001
01000001101100110100110101100100
01000001111000110011011000110111
01000000100000111111011111101011
01000010010001011011010000111001
01000010000010100010011111101010
01000010010101100111100010100111
01000010010110100110000000010011
01000000111100010000010101100110
01000001001000010011000100011001
01000010010001101010010011100011
01000001100100101111011101110011
01000010000011110100010100110000
01000000111011101111000000000111
01000001101000010111111110000100
01000001101011010010001111101000
01000001010000101100100111100011
01000010010001011001110100100100
01000010010011000011011100001101
01000010001110100011110101100001
01000010000110111001111110001101
01000010010010100101101010000111
01000010010100111001000110011100
01000001111111010000011010011010
01000010001101011011011111111101
01000010010011110011000001100110
01000001010010000111111000101101
01000010010100010110010100011111
01000010000100101001000001101011
01000000011111011000101101111100
01000001111100011100111000110001
01000010001011100111111011000000
01000001101110010111110111100100
01000001010111000100010101100010
01000001101100111010010010110110
01000001100011101110100011100111
01000001100110010111110001001101
01000000110111000111100010111010
01000001110010100111111011111000
01000001111110000110110001000001
01000010000000001010100111001001
01000001001101000011110001000111
01000001100100011011101101110110
01000010000000101011110101000110
01000010000111011011100111110010
01000001111111011110000101001000
01000010001011001001101101011011
01000001010010010001001000100011
01000001111001000111001010110101
01000001101111100010011011100011
01000000011001010010001111001101
01000001010101011010011110111001
01000001111111110100100000010101
01000010000111001110100101101011
01000010010100000101100001100001
01000001110010110010001101011100
01000001110110011101111001100110
01000010001111011110111001010010
00111101100000011000101110011110
01000010001101000000001000110111
01000001010110110111010010010111
01000010010010111111100100001111
01000001011100101111101111000111
01000010000111101011100100011010
01000001111010011000001000011011
01000010010110011010001110101011
01000000100110000101001011011101
01000010000100101000000101010011
01000010000111110000010101010101
01000010010100001011011001000011
01000010000000100101001011000001
01000001010110101010011100010000
01000001101011001001110010001101
01000001101101111101100111000000
01000010000110100011101011010100
01000010010101010100110110110101
01000001011010101011111110010110
01000010001110000011000100100000
01000010001000011110010101011000
01000001101000000111110110011110
01000010001011010110010101010010
01000010001001111111000010001011
01000001100110110100100001010101
01000001111110011101110001111101
01000001111101010100011010000100
01000010010101110101101000010001
01000010001101110110011010110001
01000001111011100000000011011111
01000010010100000000100001110100
01000001101011000101011010010111
01000000111111111010001001111010
01000010000001000000000011100001
01000001110110000110101110010100
01000010010101100110110000011001
01000010010101110011011001010101
01000001111001001011101011101100
01000010001000010010100010101110
00111111111101000001010001101110
01000010010100101101001000111111
01000001111101100101110110011100
01000001100111011010010100000111
01000001000000011000010011011110
01000010010100001000110110001001
01000010010000001001010101010000
01000010000010101001101010000001
01000010000001011111001011011001
01000010001101100001010101111101
01000000100001000100110100010110
01000001001100010001000110101111
01000010000100100101110101010000
01000010010001101000010001111101
01000010010011110111010110000001
00111111101100101010110011110100
01000000100011011011011001010010
01000001101010110011100100111000
01000010000000111000111000000111
00111111110000010100010011100011
01000010010110110001010010111100
01000001100000110011111011001111
01000001100000000010000110100101
01000010010100011100100011100001
01000010000011100101001000011110
01000010000110010100011010010111
01000010010100011001101000101011
01000010000111000011000110100100
01000001100011110001000000100000
01000010001010100011101110101011
01000001010010111001000010101100
01000010001101101000100111001110
01000001111101001000100010011101
01000001100110101011100011010101
01000001100101101111011101110101
00111111111011010011011010101110
01000000011111100101011111010101
01000000111111111001000001110011
01000000111100111101001000110110
01000010000010101100101001101011
01000001111001010000000101111100
01000010010101010000001000110111
01000001100001110110000011011111
01000001010011011110100001101100
01000010010001001110111100100001
01000001010001011101100100011111
01000001111010100000110100100111
01000000001010110101110000111111
01000001111011010001011101101001
01000010000010111001001000010000
01000001111100101111000011000111
01000001100000011101100100100001
01000000110001101110100110001110
01000010000110000011111111110000
01000000100110101101000010010100
01000010000100101000011100110001
01000010001110111101001110101110
01000001101101010011000010011000
01000001110001100001011000111110
01000001101001001101001001101111
01000000000000100001001010110000
01000000001101101100010011011010
01000010001110001110110001101000
01000001111110110101110010001111
01000010000101110010101001110110
01000000110111100110011100000001
01000010001111000011001110100110
01000010010011100101111100011000
01000000011000010000100011001110
01000010010010001101100100001001
01000001100110000100101110111100
00111111001101010001011010011110
01000010010101001101111110001011
01000010010101011100100001001111
01000010001001010000000011100100
01000001011100000010100010100110
01000001101100011001110110001000
01000001110100001010101001100110
01000000101110110100111111011010
01000010000111010011100011011111
01000001111110010001010110111111
01000010000000110110111010101111
01000010001010011111101110100010
01000001110100000100011001001100
01000010001110000100100001101100
01000010001001111001110011110011
01000010001101011010001111010011
01000010000100111101101001001111
01000010000111001111000100000101
01000010010010111001101100100110
01000010000110100010101011000001
01000010010011100110011101001100
01000010010100000101011101101111
01000010010010000110110101111101
01000010000111111101000111111111
01000001000110100111101001011001
01000010001110111110001101100000
01000001000110001101110101000010
01000001111100101111000011111010
01000010001111111010101000101001
01000001011111001011100011000001
01000010000001110111110010111000
01000010000100010011011101000000
01000001101000100100111111101111
01000000111111110000110110011001
01000010000010001110101011110111
01000000111001101111001111011100
01000001111110001101100110011001
01000001111101001111111010101001
01000001111001111000001011101001
01000001100100111000111110011110
01000010010000110111101111000101
01000010010010001100100011111010
01000001110000100111001101000110
00111111011110101000101010011001
01000000010001001010010001011010
01000001011010001111011111100111
01000001001000100000001011101011
01000010000111100100100101110111
01000010001101011011000010111110
01000010000110010100010110100011
01000001011101000110110000111110
01000001110010100010010001101110
01000001001111100100100011101110
01000010001001111000011111001110
01000001001010110010001110101100
01000000111001011111110110111110
01000000110110101110101010010000
01000000111010100111001100100011
01000010001001110001110010000011
01000001111110001110000111000011
01000010010110111010100000000011
01000010010100011101001101111001
01000000111010011100111100101000
01000010010000011000001100011111
01000001010100011100011110101100
01000001111111001000000011110010
01000010000011111001001101111001
01000010001011010111011111000111
01000010010011110101010011101011
01000001100011110000000101010000
01000001101010001111111001100011
01000001101011001010110101000010
01000001110000011110111001010100
01000001011101101000011110000101
01000010010010110001001010010101
01000010001011010010110010111000
01000001101100011101011011001100
01000010001101100000110010110011
01000001111111010100010011111100
01000010010010010011110001111101
01000010010010100100100100100101
01000001010000000100111110110101
01000000100110111101111101100111
01000010001110010111110100101111
01000000010101001111000010111101
01000010000100010111001010010001
01000001001000100101111010011000
01000001011000000100100000111001
01000010010011110110101011100100
01000001111001001111101110001110
01000010000010000011100101010011
01000001110001110000111101011010
01000010001001101101101110000001
01000000101001010100011111000010
01000000101000010111000001101001
01000010010011101110010011111101
01000001010011011001010110001110
01000010001011011001100110010101
01000001000101100011011110010001
01000001010011111010001000110100
01000010000110010010010000101111
01000001010100111110000111000101
01000000110101011111000010101100
01000001100101110010101011010010
01000001110001000011011010110111
00111111000100101000010100001011
01000010010011110010010111110110
01000001111000110001010011110011
01000000001111111010101000001100
01000001000100011001011010110001
01000001000110111010101110110101
01000010010011011101010110011001
01000010001001101001010111101000
01000001110100111000110000001001
01000001100010100011111001010011
01000010000101011111111101110101
00111111011100000011111111000011
01000010000110011100011111001010
01000010001100010010000100110100
01000001110101000010001101011001
00111111110110010100000000110000
01000000001010011010111000100000
01000000110011011010011001010000
01000010010110000010001110001110
01000001111100111100110001101010
01000010000110100010000100110010
01000001110110100000001011101101
01000010001110011110101100101101
01000010000101001101101000100100
01000001001010100111110110100101
01000010000010110100100110001101
01000010010110000100111100101101
01000001101011011111110111101001
01000001111101100001001011100011
01000000000011100101100000000011
01000001100100110101110010000110
01000001110111101101011100110001
01000000011011011010011100110001
01000010010000100110111110011000
01000010010011011011100110110111
01000010001101111110111010110110
01000001000000101110010100110110
01000010000011101110001010111100
01000000111001011011001011110111
01000001101111001010110110100000
01000010010100000111111110110010
01000001011111100110110000111001
01000001110000101011110011110000
01000001000001100011100110101011
00111111100010100000000000010011
01000001110100001001010001000001
01000000001100100100111100100010
01000000001001011110101111110100
01000010000110101010010011111101
01000001111111110111111001001000
01000010010010110011101000111010
01000010001101101011110000100010
01000001011101011111100100111100
01000010001010000111000001110011
01000000001011111100101100001100
01000010000010001100010100100111
01000001100110010000000111100001
01000010010010000010000101110010
01000010010100010101000110110000
01000010010000110111011000101110
01000010001010010110110111100110
01000010001110110010100010111100
01000001110100000010101110001001
01000001101110010110010111010010
01000001111110111010001111010001
01000001111110000001100101100010
01000010010000001111000100001100
01000010000110101010101001010010
01000001111001111010110010111001
01000010010011010110001101111110
01000001011011001111010000101110
01000010001001010101110010110110
01000010010100000000000010011011
01000010010100001100010001010100
01000010000111001101000001111110
01000001111010100101111001000010
01000010000001010011011110100101
01000010000101011010110001100011
01000010000000000110010001101111
01000010000000000011000100000110
01000001001000001001111111110110
01000010001111011011010010111011
01000010001110010011011010111101
01000010000001110111100111111000
01000001001000010100110001000011
01000001000011110101111001010000
01000001000010011011011100110110
01000010000011001110101101110011
01000010010101110010000110011000
01000010001110000000111110101001
01000001000000001011000011000110
01000001100011010110001000111111
01000010000111001011100000000111
01000010000101111101000100100100
01000010000101010000000000100000
01000001100101100110000111111110
01000001011101001111000100101111
00111111110010000100011000000011
01000000010101011110100100011101
01000001110000000110111111000001
01000001100010001001111010100110
01000001000111000100011100001001
01000010010110110111100000100000
01000001111010011111011010011001
01000001010110001001101100010110
01000010001001001110100111110111
01000010000111010100111111111011
01000010000111000011010010100010
01000010001100111000111010101000
01000010000000001101001000111011
01000001110010011100101111000110
01000000101110010001101110110101
01000010010010100111101000011011
01000001101110001001001001011101
01000001011111011011110011000011
01000010000000011111110101111111
01000010010100110101010101000011
01000001111001011011111001110000
01000001100001100011011101001000
01000001111100001100000010011011
01000010010000110010111111100100
01000001111011011001100010111110
01000001010010000000111000010010
01000010000011101101010100111000
01000001011011110000001011111101
01000000110010010100010001101010
01000010010110100010111101100110
01000010010011011101010111111100
01000010001111111111010010011110
01000001110011011101100010100111
01000010000010101011110000111000
01000000111011011101011110000110
01000001100011001111000101001000
01000001000001000011011000001100
01000001110101011100010110011001
01000010000000001100101010011001
01000010000111110000101010101000
01000010001111011010111000110011
00111111101001111100001011111001
01000010000101111101001000001000
01000001100101110001000110000100
01000001100101111000000011000110
01000001111010101011000111111000
01000010001010000000101110011011
01000010010001000011001100111000
01000001011100101100101010001111
01000000001001010001110111100011
01000001101110110001001111000001
01000001111010010010010110010010
01000001011001010101001101100100
01000010000010111110100101100100
01000010001000110110110110000100
01000001101100111101011010111101
01000001000111111101101001111001
01000001100001001110101110000100
01000001011001001111111000010000
01000001010001010110100010011001
01000010000100010110001110110000
01000000101000011100110010000100
01000010010100010011010101001010
01000010001111100001101101011011
01000000100011010110110111000101
01000010000101111011000100010100
01000010001010010101000011100111
01000010010000000000011111011011
01000000100001111001011111001101
01000010000110011100110101111000
01000000010000011100110100001010
01000001100001111110001000111101
01000000101000110011111000111001
01000010000001110001101011010111
01000010010010101011111111001000
01000010001111010100000011110001
01000010001010101101110001111011
01000010010100010100011011010111
01000010010100110110101100010011
01000001111010110101011111110011
01000010001011100101000001001000
01000001111000011000100010011101
01000010001110100101101100000110
01000001001101101101001011000001
01000000000101111000001010010110
01000010010100101001011011000010
01000010000110011110001001110110
01000001111111111000011001100100
01000010000110111001100001001011
01000010010100010011110101110100
01000010010011011000100000110111
01000001101100100101000001011111
01000001110100000011010011011011
01000001111011001111100101100111
01000010010101101001000011101110
01000010000001100001110101001000
01000001101000110101100101001100
01000010001111100101000100100100
01000001111101011000101101110111
01000001001000101110010111100011
00111111100110110000110110010100
01000000001100011110001010100011
01000010001100111001101101101110
01000001111111001111101011101111
01000010010101111101010110000011
01000001101000110001101010011010
01000001111100110010001001000100
01000010000100111111110110100010
01000010010110100111010010000111
01000010000110011011101000010000
01000010001000010101101100110101
01000010001001111101110000000010
01000001100000000100010111010000
01000010000111110001110110010000
01000001001011111100001000010000
01000000001100101100110010000101
01000010010010101000111111101111
01000010001000001110010110000100
01000010010000110111110110010011
01000001110110001010001010101110
01000010000101010101101110111110
01000000001000101001001001101011
01000010000111001011011100010101
01000000011111000001100000100101
01000010010001101111011000011100
01000010001001010011111110010101
01000010010110001011001011110100
01000010000001010010001001110001
01000001111011010010010111110010
01000010000001101100101001111111
01000001110010110000101010100011
01000010001111101110000010100010
01000010010100001110001101101111
01000001000001110000110011010010
01000000011101110111000111101001
01000010001011001111100110000100
01000000000010000100111001100000
01000001100110100010010110000010
01000001100111111011011101111101
01000001101110001000010011100011
01000010001110000000111101001101
01000001110011010110010110110010
01000001010101010100011100111110
01000010000011001000011001010011
01000001101110010101111001011101
01000001100011110001001110110001
01000010000110011111100110001101
01000001011100100011010110110111
01000001101000010101111100011010
01000001110101011001110110100010
01000001110101100100001011010100
01000010001011000011100101110010
01000001101110110110000110110111
01000010000101000111100000100111
01000000000101001111110000011011
01000001010001111111010100101110
01000010000010000101100001011000
01000010001111001011100100110110
01000001111111011011000100000000
01000001100011101111100010101000
01000010001011100110011001001011
01000001110101111101101011110011
01000010010001000100110101001100
01000010001011100001001001000111
01000000100000001000000101110010
01000001011101010111011001100100
01000001110001010111011010010010
01000001100011010100110011011011
01000010010011001010001111110101
01000010000001111110101011111101
01000001010110000110010011101110
01000001010110100111010110100101
01000010001011101011110111101111
01000010000110110101000011100011
01000001100001001101110111100011
01000010010000110000110000101100
01000001010010101010010101000101
01000010001011001111110111110000
01000001111100010100100001110011
01000000001001100001001101011110
01000001101110000011000110101010
01000010000100101111011001110011
01000010001010110101110111000011
01000000101011010101000110111111
01000010010101101110011001100000
01000001100001011111111101011000
01000000110000101111000111100010
01000010000110001001101001110010
01000000011000011100011010101100
00111111101101110110001001111001
01000000001001111000011011000110
01000001110110101101001101010101
01000001101110101101100001111010
01000010000011001101110010111110
01000001111010111100010101010001
01000010010011111101000111010100
01000010001001011101011000001100
01000001110101000101100110110100
01000010001010011111010010000110
01000010010101101000101010100111
01000001111000111100111110001101
01000001011000111011100110000010
01000000101010111010101010101101
01000001011110000100100001100000
01000001110010110111001100110001
01000001111101110111110111011111
01000010001001101111011101100110
01000001101111100010110010110110
01000000110100111100000011010001
01000010010100011010110101101000
01000010001110001100100000011111
01000001100001111010111101111010
01000010001001101000001110111001
01000001110101100110100001110001
01000001011001100000000011101010
01000010010000100000000101000000
01000010000000010000110011000101
01000001011110000111001011000111
01000001100000011110000111001001
01000010010000101001110100001001
01000000100011110100011111001001
01000010000010111010001100100101
01000000101000111000011010100110
01000001010111010100111010000000
01000001101000101100110110010000
01000001110011110111001111111111
01000001111110001010000110011001
01000001011011111010111001000110
01000001001000010001100010001000
01000000010100001011111001110101
01000001011111011100000001011111
01000010000100100011110100101001
01000010000001000101010011100000
01000001011011011011001001001100
01000001100000110001111111010000
01000010000100111111100000010111
01000001101110111101110100111100
01000010001011001100110111100010
01000001111001001101001110000000
01000010010000000000111011001111
01000001101111111100011110000001
01000000010111110100100101001110
01000001111111011001100100000010
01000010010100100111010011010001
01000001111011001001001010110111
01000001111000010010001111100111
01000001111011001101001101001010
01000001000111110110111000011001
01000000110011101110111110100110
01000001110111111111000111010000
01000001000110011101101000110100
01000001110100101101011001110110
01000010001000110110111011001111
01000001110000100100101101111011
01000010010000000001111000100111
01000001110011000001011111001000
01000000011111001010011111111111
01000001110011111010100111011101
01000001111010100111101001000011
01000010000110010111110111110101
01000001110011100101000111000110
01000000010001011001110000011111
01000010010001110000001101001000
01000001110001000111100100101101
01000001111011101100101110000111
01000001110000111000101100101110
01000000100111000110010101110100
01000000100111110110010001011101
01000001101111010010110111100001
01000010010010101001101011011001
01000010000011111011011010111010
01000001111001001101110000101001
01000000111011000000011111010110
01000001100100000100011101010010
01000010001011110000100110000010
01000010000001100111111001011011
01000001101010001111111011100111
01000010010001101111011001101111
01000010001011111111111010000111
01000001110000000000000110101111
01000010010100011100000110101110
01000001011101001001110111011001
01000010001011100101101100010100
01000010010001110010001101010001
01000010000110000111011010110101
01000010000010111110000010110111
01000010010110100101000110011111
01000010000000100110110001010111
01000001000010110010011101000011
01000001111001011001110111001110
01000001001111100010100001111100
01000010001000110101111111101010
01000001111110001101110101110011
01000001100111001011110010100100
01000001101011000110101010011010
01000010000011000100010010100111
01000001100101010011111101100101
01000000110010110010010110100110
01000010010011110100110110011000
01000001100010110010100001000011
01000000111001110010101111111001
01000001111000110100010110110101
01000000110110100101000100101110
01000001110111110011100001001010
01000010001010111100000100010000
01000010000011000010000010111010
01000010001111110010101000010100
01000010000010111111010000101111
01000010000110000101111111000110
01000010001001111100001101000110
01000010001101010111101101010011
01000001000110100100101110001100
01000010010101000100110110100010
01000010010101101000001010000101
00111111110101110111100100111100
01000010000000001101010011001110
01000001000110000000011011010011
01000001111011001111111000110110
01000010000001000010111011001101
01000010000010111110110110101001
01000001011011110001011011011000
01000010010110100001000001111011
01000010000111111110111001111101
01000001100111001011001100111100
01000010000110110001010011000011
01000001011101011100000010101101
01000010001010000000110000111001
01000010010110100001101000110110
01000001111001000000010010011111
01000010001110101101101101111110
01000010010000011010010010110010
01000010001000001000110000111100
01000010000101101101111000110000
01000010010011101001111101010010
01000010000000111010011010110011
01000001001010001110010011100000
01000000011011110110100011100001
01000001110110100001011101111000
01000010010001110001010010011010
01000001110000111010011010101001
01000000100010001001111110010000
01000001110000110111010010100001
01000001100001011001010110110111
01000010001111000011100000101111
01000001001010000001001101000011
01000001100010110001000010100101
01000001010101001111001011011100
01000010000111010001001110100101
01000010010010000101000101101100
01000001100110101110001100110101
01000010000001110010111000010011
01000010001011000001110000100100
01000010001100001100111100111110
01000001001111010110100010100101
01000010001110101010011100011010
01000001010011000011100000110000
01000001100111001011100000010001
01000000010001110111101101111010
01000000100001111110001001100010
01000001101100110000110010101000
01000000100101000000001110011111
01000001011011001000010000100101
01000001101100100010011010110110
01000010010010111111100110011010
01000010000110100000110001100011
01000010000010111111011011100111
01000010000000000011010100011011
01000010010010001110100100110110
01000010001000101011010100110010
01000010010011100101001100100011
01000010010101011111110111010001
01000001110100101101111010011011
01000001111101011110000001111001
01000010010101101000011111101011
01000001001111011000000010010110
01000010001010101010000110000100
01000001101111001000111000101110
01000001101011110110010100001111
01000010000111000100101111111011
01000010001010111000001111010001
01000001011000001110111010010000
01000000001011110001011111001111
00111110011100001111101011110010
01000001100110010100010010001010
01000001100010100110011101000110
01000010001000000000111101010111
01000010001101010000111010011110
01000001101011000111111001011000
01000001110101011100110010001101
01000010010101011100101101010100
01000000100000010101110001101111
01000001000001101000100010011101
01000010000011000011000110000011
01000001110111101011001111000000
01000010000000110011011110000001
01000010010011110000010001100110
01000001100000000001001110010001
01000010000100101101010000111001
01000001111000100011101010110111
00111111011000000001101010110000
01000010001111000111010111001101
01000001011111000101111011101101
01000001011111010010100001111011
01000001110100110100100101111100
01000010000001011010011000100010
01000010001011000010011100101001
01000010010110100000001111111101
01000001101000010111110001100011
01000001100001001110000111100110
01000010010101100100100100001010
01000001111101110010111000001001
01000010010000010010100001000011
01000001110011001100010100110011
01000001101010010100111100100111
01000001010111100010101100011000
01000001101111000110110110011100
01000010000011010110101101110101
01000010000010111100111011111110
01000010000101100000111111100000
00111110010101000000001111110000
01000001111110101111000001011100
00111111010011001011110011001010
01000010010101111111110001010000
01000010000101001111110101101101
01000010000011010011010101110010
01000001010001011111101000100110
01000010000101001000001100010011
01000010000001001111110101011110
01000010010010110010110001101101
01000001100101111000111101100011
01000000011101000001101101001111
01000010001101010110101001111100
01000001010101010001010110011101
01000010010011111101100001011011
01000001011101110110111010110101
01000010001111110111001111110011
01000010010110001011011100100111
01000010010011001001001001101111
01000010010101100011100110111110
01000001011111011111100000111101
01000001000100101010001001000100
01000001011000110011001011101001
01000010001101111010001110110111
01000001100110111100110101011110
01000010010011000111110110110001
01000010000101111110001111101010
01000010010000001111101111010100
01000001111001001001100101100001
01000001101110010000100001101100
01000001000000100011010011011001
01000010000000000001000011110111
01000001100111101000110001100100
01000010000001011111100100010010
01000001000000100100101010111000
01000010010110000100110100001000
01000001110001011110010001011011
01000001100000011011101100000011
01000001000000001001111001101011
01000010001111110000000111010100
01000001001010001110101111101011
01000000100101100110101011110110
01000010010110100111011101010011
00111111100011010101001010101111
01000001001100111010011001101100
01000010001011010000100110010101
01000001110000001000100101011101
01000010000000000100100100100001
01000010000000111111010100111001
01000010001111111000001101100011
01000010010101110010100110110001
01000010000100010010001000010111
01000001111001111001011000111100
01000001101000110111011100101111
01000001110100111000101010110100
01000001100011011111000111011001
01000010001000101100000001011000
01000000010111010000010100001000
01000010010101001010111101001111
01000001101000001001101100111111
01000010001100110110001101001010
01000010000100100001010111110101
01000001000111010001000011111000
01000001100011101000101101101101
01000000100111001011000110000111
01000010000100101001000001101001